id ndet ptrue multi_lsp_f1 multi_lsp_f2 multi_lsp_f3 multi_lsp_f4 multi_lsp_f5 multi_lsp_f6 multi_lsp_f7 multi_lsp_g1 multi_lsp_g2 multi_lsp_g3 multi_lsp_g4 multi_lsp_g5 multi_lsp_g6 multi_lsp_g7 s_lsp_g1_u s_lsp_g1_g s_lsp_g1_r s_lsp_g1_i s_lsp_g1_z s_lsp_g1_y s_lsp_g2_u s_lsp_g2_g s_lsp_g2_r s_lsp_g2_i s_lsp_g2_z s_lsp_g2_y s_lsp_g3_u s_lsp_g3_g s_lsp_g3_r s_lsp_g3_i s_lsp_g3_z s_lsp_g3_y s_lsp_g4_u s_lsp_g4_g s_lsp_g4_r s_lsp_g4_i s_lsp_g4_z s_lsp_g4_y s_lsp_g5_u s_lsp_g5_g s_lsp_g5_r s_lsp_g5_i s_lsp_g5_z s_lsp_g5_y s_lsp_g6_u s_lsp_g6_g s_lsp_g6_r s_lsp_g6_i s_lsp_g6_z s_lsp_g6_y s_lsp_g7_u s_lsp_g7_g s_lsp_g7_r s_lsp_g7_i s_lsp_g7_z s_lsp_g7_y s_lsp_f_u s_lsp_f_g s_lsp_f_r s_lsp_f_i s_lsp_f_z s_lsp_f_y
335815.0 231.0 nan 98.5871933430648 0.9950278174963374 1.0039723059360548 1.0007535685728837 0.11539163350964037 nan nan 144.44002774903683 0.99501155207212 1.0039723059360548 0.5002510104859486 0.5005142714474927 0.5008313747517096 0.3049173367148787 0.946800490171633 0.946800490171633 35.64993645417204 0.9390299430804526 1.0106736323291632 nan nan nan nan nan nan nan nan nan nan nan nan nan nan nan nan nan nan nan nan nan nan nan nan nan nan nan nan nan nan nan nan nan nan nan nan nan 0.9467857632409623 nan nan nan nan nan
119997557.0 41.0 nan 163.43731225088732 163.2910327445701 nan nan nan nan nan 163.43731225088732 0.2649812886520522 0.3012512961592858 0.1420113863027802 0.5120216016577734 0.9970048210627287 0.21170125042782117 nan nan nan nan nan nan nan 0.10414645978590702 nan nan nan nan nan nan nan nan nan nan nan nan nan 2.3546435540715374 2.3546435540715374 0.4327987619029866 nan nan nan nan 0.8578130489807932 0.46512956237153724 nan nan nan nan nan nan nan nan nan nan nan nan nan 0.1001208408949976 nan 0.10520780021565827 0.13671597544963926 nan
110852184.0 22.0 nan 94.51463318862409 94.29663945299238 nan nan nan nan nan 94.51463318862409 0.10181938771591305 nan 0.4457429981333114 0.152917486949765 24.95096593014003 24.95096593014003 nan nan nan nan nan nan nan nan nan nan nan nan nan nan nan nan nan nan nan nan nan nan nan nan nan nan nan nan nan nan nan nan nan nan nan nan nan nan nan nan nan nan nan nan nan nan nan nan
37563024.0 80.0 nan 163.56094832615705 163.4132124508332 nan nan nan nan nan 163.56094832615705 0.5479111909985136 0.1358348217366008 1.0028407324262336 0.17137101477253464 0.14877014043745532 0.5436322055500454 nan nan nan nan nan nan nan 0.1361557102973204 0.14484764076277915 nan nan nan nan nan 0.4239097523108355 0.4239097523108355 0.18094770779943872 0.2133036490183339 0.49934954300657053 nan nan 0.11888155548855898 0.11888155548855898 0.3906380174476659 2.808998312743698 0.14089574203052121 nan nan 0.36343246880597296 0.36343246880597296 0.18284026124650019 nan nan nan nan nan nan nan nan nan nan nan nan 0.1826426904512136 0.4238954659007573 0.09999710565230194 0.1230288921253556 nan
320789.0 273.0 nan 142.08576326905546 0.9954367328292529 1.0031685693071402 nan nan nan nan 142.08576326905546 0.995023529204596 1.00318536245856 0.7500466213361426 0.428222359548518 0.5996916829840475 0.15793144508675616 nan nan nan nan nan nan nan 0.9950486290435412 0.995065156551655 1.0029447026920748 1.0036335890546952 3.0146273871428124 3.0146273871428124 0.6669571973005116 0.9947347106714272 0.9947347106714272 1.0029279123995363 0.7499849282252189 1.4925034675088642 3.001938420381087 0.5011812259842244 0.9954619815227299 0.9954619815227299 0.17654906181609387 1.004879343312944 1.4925034675089541 0.15019570108499894 0.4990312119890127 nan nan nan nan nan nan nan nan nan nan nan nan nan nan nan 0.9954785227651719 0.9951147423703136 0.99569360895225 nan nan
41079095.0 43.0 nan 163.71911066017591 163.56950878073633 nan nan nan nan nan 163.71911066017591 0.1402103638374005 0.6918879063009822 0.16997999027687247 0.1164034484898771 0.9993994533368242 0.1432046000918285 nan nan nan nan nan nan nan 0.1186547922650562 0.16612099180386553 nan nan nan nan nan 0.1059594796648281 0.1059594796648281 0.2837825665556748 nan nan nan nan nan nan nan nan nan nan nan nan nan nan nan nan nan nan nan nan nan nan nan nan nan nan 0.19423413143688445 0.173761616166158 nan nan nan
84581322.0 24.0 nan 182.91836683935338 182.51782093373896 nan nan nan nan nan 182.91836683935338 0.2329052776462791 0.3541411530466192 0.11044745112822574 0.12629887315983396 0.41584655587761016 0.10218782911772985 nan nan nan nan nan nan nan 0.8356007370423644 0.11928407328074672 nan nan nan nan 0.99774032312266 nan nan nan nan nan nan nan nan nan nan nan nan nan nan nan nan nan nan nan nan nan nan nan nan nan nan nan nan nan 0.11978187902181342 nan nan nan nan
20332012.0 13.0 nan 164.90702488578754 0.12083038460342922 nan nan nan nan nan 164.90702488578754 0.21482965424274852 0.12800743014113852 0.14125645926718777 0.15779247418061693 0.10084764757379676 0.15655652461921402 nan nan nan nan nan nan nan 0.2528956264137249 6.249807933771203 nan nan nan 0.10418525681146495 0.448044005443368 nan nan nan nan nan nan nan nan nan nan nan nan nan nan nan nan nan nan nan nan nan nan nan nan nan nan nan nan nan 0.14479213558426518 nan nan nan nan
84586525.0 65.0 nan 174.97167102653546 174.68086615159092 nan nan nan nan nan 174.97167102653546 0.11643047290208532 0.11077363469654238 1.077951675103092 0.14597500088844836 0.16685159129861366 0.21105403835158282 nan nan nan nan nan nan nan nan nan nan nan nan nan nan nan nan nan nan nan nan nan nan nan nan nan nan nan nan nan nan nan nan nan nan nan nan nan nan nan nan nan nan nan nan nan nan nan nan
232681.0 187.0 nan 57.57451196910117 0.10014926003633466 nan nan nan nan nan 163.8431935324598 0.10014773468717836 0.16678189352865322 0.12996996015787712 0.16403764027676357 0.17412357086690225 2.2225024322249394 nan nan nan nan nan nan nan 0.5845091409210673 0.5845091409210673 0.8565225054702954 0.856382019112047 0.15647786292086965 1.0013485427552862 0.5086191498302794 0.7523935579823642 0.7523935579823642 0.16603334176345455 0.1138704623450957 0.18105553659495408 0.17080479087289407 2.9941501929920866 0.2847527508175656 0.2847527508175656 0.2847504670531779 1.9928445471228051 0.15202830680010918 0.1291553812299084 0.13645160006655585 0.1301419204500283 0.1301419204500283 0.14872433277535038 0.15722782279161135 0.17509041132772693 0.9664530176783529 0.15552514378271348 nan nan nan nan nan nan nan nan 0.5844533339997737 0.7523839914473348 0.28474270252826195 0.13014153882020738 nan
237006.0 347.0 nan 163.84280601676025 0.998631500834618 3.005900656707966 2.971588097992343 2.974126870424778 0.11116406182006346 nan 163.84280601676025 0.9958084603503928 3.005900656707966 2.971538361466246 2.973778154649651 3.02356176935341 2.968606850420342 nan nan nan nan nan nan nan 0.9958324450697913 0.9958324450697913 1.493466012844062 2.971346623387424 2.973337326110362 2.9684648346588984 0.4980985089899741 0.9992295479766127 0.9992295479766127 3.0060141415502453 2.970999344663343 2.9723922304323063 3.0234723710844906 2.9669772657248927 0.9958212726669938 0.9958212726669938 3.005657043472819 2.9708990825755857 3.023265572777055 3.0237290310046765 2.9665302211708675 0.9992062120474533 0.9992062120474533 3.0059098529376764 2.9702512326461505 2.970847723770814 2.9680165226262174 2.9670243971750283 0.9993299931209554 0.9993299931209554 3.0055879040270206 1.0022242882956733 0.43638211663192256 0.4357618957706782 0.9983184087365291 nan 0.9990943001092762 0.9985326037906187 0.999099923060643 0.9985317656795173 0.9987227966333798
34052183.0 12.0 nan 163.84250368441295 0.10237864084749256 nan nan nan nan nan 163.84250368441295 4.920589899250406 0.11745968285750441 0.13631142277398017 0.2400864121955016 0.17639879462599814 0.1332905661218269 nan nan nan nan nan nan nan nan nan nan nan nan nan nan nan nan nan nan nan nan nan nan nan nan nan nan nan nan nan nan nan nan nan nan nan nan nan nan nan nan nan nan nan nan nan nan nan nan
106594.0 254.0 nan 166.88465819013445 94.19494340040431 1.0081631808849574 1.008410605895846 1.0085416447809576 2.0165138101665514 2.0162809803023642 166.88465819013445 94.44967598199561 1.0081631808849574 1.008410605895846 1.0085416447809576 2.0165138101665514 2.0162809803023642 nan nan nan nan nan nan nan nan nan nan nan nan nan nan nan nan nan nan nan nan nan nan nan nan nan nan nan nan nan nan nan nan nan nan nan nan nan nan nan nan nan nan nan nan nan nan nan nan
70272.0 315.0 nan 168.18689967085078 0.14292019791115065 1.0055560740600629 0.500409171317276 124.02211406944318 1.4928219678456474 1.0005805804764547 168.18689967085078 0.14292019791115065 1.0055560740600629 0.5004127296960316 124.02211406944318 0.16677927247190738 1.012660849717836 nan nan nan nan nan nan nan nan nan nan nan nan nan nan nan nan nan nan nan nan nan nan nan nan nan nan nan nan nan nan nan nan nan nan nan nan nan nan nan nan nan nan nan nan nan nan nan nan
48749.0 245.0 nan 163.76167831312395 163.61157365679273 nan nan nan nan nan 163.76167831312395 0.2404716057771404 0.4177383469553991 2.2371196190618807 1.1181813084867482 0.31576159801075326 0.9406190554524293 nan nan nan nan nan nan nan 0.2404780010159708 0.2404780010159708 0.3532790590044196 0.10636360746188929 nan nan nan 0.7205265619522664 0.7205265619522664 2.839220103013936 61.083964505229886 0.5637481884948802 nan nan 0.3252417669255164 0.3252417669255164 0.42607943604061044 0.20425809298886 nan nan 0.5533915278094914 3.067178820061792 3.067178820061792 0.16925420083442294 nan nan nan nan nan nan nan nan nan nan nan nan 0.10262466771330185 0.26543963060208925 3.005254807252774 0.1711797892727333 nan
94693432.0 21.0 nan nan nan nan nan nan nan nan nan nan nan nan nan nan nan nan nan nan nan nan nan nan nan nan nan nan nan nan nan nan nan nan nan nan nan nan nan nan nan nan nan nan nan nan nan nan nan nan nan nan nan nan nan nan nan nan nan nan nan nan nan nan nan
126677682.0 27.0 nan 163.59753238025712 163.44936517788784 nan nan nan nan nan 163.59753238025712 0.37319117526587114 0.17172357673105468 0.14180137719276345 0.2927355253239868 0.3466366091574571 0.5157246221774782 nan nan nan nan nan nan nan 0.15113335836655442 0.31549935461417755 nan nan nan nan 1.4270651009103794 0.20541655986172086 0.20541655986172086 0.5151744899306815 0.20333323333405906 nan nan 0.9971311674086627 nan nan nan nan nan nan nan nan nan nan nan nan nan nan nan nan nan nan nan nan nan nan 0.13392247187695783 0.10166452880242637 nan nan nan
279243.0 216.0 nan 163.8431935324598 163.8431935324598 158.29198486044044 156.75457920737432 156.89310821738025 156.75457920737432 0.11116810605307756 163.8431935324598 163.8431935324598 158.29198486044044 156.75457920737432 156.89310821738025 156.75457920737432 156.75457920737432 nan nan nan nan nan nan nan 163.8443178766141 163.8443178766141 158.43390805880009 163.8443178766141 156.89364432507256 0.11117147201461236 0.2656925630994498 163.84431361738993 163.84431361738993 158.85924009793487 156.0660549426333 157.45026064086434 0.11117143368327875 0.12102897063466571 163.8443178766138 163.8443178766138 157.59003512721515 155.51916508173178 156.34094746084682 0.11117154163491681 0.12102819395269962 163.8443263950697 163.8443263950697 156.89364838681263 156.20338478965246 156.61681217281702 156.75510805376655 1.0035897242108573 nan nan nan nan nan nan nan nan 163.8443178766141 0.9914944188393021 0.9914498418248711 0.9914603615435993 nan
320141.0 109.0 nan 163.43776968857222 0.16681063594603066 nan nan nan nan nan 163.43776968857222 1.0018959698983563 0.9923103654407159 0.9922186194005226 0.3622648842221186 0.14500867784665097 5.506537280958363 nan nan nan nan nan nan nan nan nan nan nan nan nan nan 1.0019034856210294 1.0019034856210294 0.9924199028587951 0.9922255861145158 0.1957785497660924 0.1957802306037413 0.13645815576239786 0.5308788903263778 0.5308788903263778 0.14509482479589084 0.3265225000430366 0.2001177675593478 nan nan 0.29933628647198657 0.29933628647198657 0.115385503179631 nan nan nan nan nan nan nan nan nan nan nan nan nan 1.0011831870247831 0.5308449052986647 0.1034379651243147 nan
78047778.0 49.0 nan 163.476063815451 0.1032992666825596 nan nan nan nan nan 163.476063815451 0.2365523355518811 0.13549869539215725 0.17296586584369694 2.8736056457690653 2.873242645383275 2.6598423469911965 nan nan nan nan nan nan nan nan nan nan nan nan nan nan 0.11262333322652442 0.11262333322652442 0.1028537502312947 0.23579983239235833 nan nan 0.4128032314530311 0.13061821117384567 0.9981572490819147 nan nan nan nan nan 0.1455422097744143 1.0264414531976453 nan nan nan nan nan nan nan nan nan nan nan nan nan nan 0.12385952979662689 0.14231091619157682 0.1017927329062123 nan
82196474.0 76.0 nan 179.85908502473967 0.11279828697615889 nan nan nan nan nan 179.85908502473967 2.3991154541340447 1.0163393489006285 0.39352875431001577 0.9488234296978836 3.63562861683465 3.630369827908462 nan nan nan nan nan nan nan nan nan nan nan nan nan nan nan nan nan nan nan nan nan nan nan nan nan nan nan nan 0.3659863141037388 0.3659863141037388 0.29585896852144017 0.10032513054787962 0.14826259385704735 nan nan nan nan nan nan nan nan nan nan nan nan nan 0.365989565982737 nan
4718501.0 101.0 nan 138.86778693150336 0.10029975527112435 nan nan nan nan nan 163.66688634921024 94.66529530287396 11.777150608543284 0.9897622568264367 0.18048146966050185 112.44233333263774 127.2589340745236 nan nan nan nan nan nan nan nan nan nan nan nan nan nan nan nan nan nan nan nan nan nan nan nan nan nan nan nan 1.2016043559827667 1.2016043559827667 3.064561207811445 0.13050281266160074 nan nan 1.0012397424929091 0.5605165799406175 0.5605165799406175 1.0078365457170118 0.4587049089100859 nan nan 0.49882288758516785 nan nan nan nan 0.14301783404006765 0.1271272600055763
36555832.0 111.0 nan 163.81003529231216 163.65935919055627 nan nan nan nan nan 163.81003529231216 0.18028873556385813 0.1020055306862714 0.1256363758115839 0.10701855459440145 0.14364113974814505 1.8459599147180834 nan nan nan nan nan nan nan nan nan nan nan nan nan nan nan nan nan nan nan nan nan 0.22319435857991438 0.22319435857991438 0.10691424877355002 0.20437379642873146 nan nan nan 0.18624885112230793 0.18624885112230793 0.37249729581211133 0.1723924505487186 0.19988519656199202 nan nan nan nan nan nan nan nan nan nan nan nan 0.12754661625416397 0.18624885112230793 nan
197475.0 344.0 nan 24.236406155768567 0.9928100524396907 1.0028800967893385 0.9915277242421338 0.991283161851895 0.991283161851895 nan 163.0638195909392 0.9928389069100454 1.0028800967893385 0.9915277242421338 0.991283161851895 0.991283161851895 0.9910387200755585 nan nan nan nan nan nan nan 0.9927450108825067 0.9927450108825067 1.0029814304079265 3.049861692347594 3.0482043323835257 3.0487565855253336 3.0527664131247665 0.99290034884209 0.99290034884209 1.002813047672132 0.9915310666683733 0.9912720492017378 0.9912720492017378 0.9911138273581703 0.9928467803141809 0.9928467803141809 1.0029358579620602 3.0490305747291293 3.0483401649865507 3.0495831277352203 3.05276419806588 0.9928621570363996 0.9928621570363996 1.002757304860995 3.047928280832364 3.0459973190753646 3.048342376911494 3.051520855561096 nan nan nan nan nan nan nan nan 0.9927157286632436 0.9928714828787542 0.9928174920693175 0.9928182239889476 nan
155380.0 233.0 nan 98.5871933430648 0.4996678879741214 0.9948814478196744 0.9947676345058709 nan nan nan 144.44002774903683 0.9925291913447086 0.9947838919563741 0.4975725347047316 0.23003346225537963 3.967642389557964 3.969194734488875 0.49994696001837335 0.49994696001837335 34.45919373993853 0.1801294842160202 29.729800032781466 nan nan nan nan nan nan nan nan nan nan nan nan nan nan nan nan nan nan nan nan nan nan nan nan nan nan nan nan nan nan nan nan nan nan nan nan nan 0.1001596262684687 nan nan nan nan nan
102601034.0 18.0 nan 170.2487628005927 170.2487628005927 nan nan nan nan nan 170.2487628005927 170.2487628005927 170.2487628005927 170.2487628005927 170.2487628005927 170.2487628005927 170.2487628005927 nan nan nan nan nan nan nan nan nan nan nan nan nan nan nan nan nan nan nan nan nan nan nan nan nan nan nan nan nan nan nan nan nan nan nan nan nan nan nan nan nan nan nan nan nan nan nan nan
54038461.0 64.0 nan 163.63625206702866 0.10806854678155166 0.331038177649674 nan nan nan nan 163.63625206702866 0.9995187963902613 1.0365158394066338 0.34930420453599303 0.36165037258780036 0.10277440221433153 0.10347236220386852 nan nan nan nan nan nan nan 0.11134527362376942 0.11134527362376942 0.42015454116820344 nan nan nan nan 0.6480607322341349 0.6480607322341349 0.1357893657803911 1.6974202984196998 nan nan 0.997778149197918 nan nan nan nan nan nan nan 0.14131374377982767 0.14131374377982767 0.11849139787439611 0.2879104851556132 0.13691439017857235 nan nan nan nan nan nan nan nan nan nan 0.10003134328389125 0.6480081291432418 nan 0.1413138547211615 nan
3683797.0 126.0 nan 163.75988992088068 0.10501701383718522 nan nan nan nan nan 163.75988992088068 0.31501448848277447 0.1377609236652166 0.11755001132987326 0.10150665399340851 0.1543095658532801 1.6794473928376918 nan nan nan nan nan nan nan 0.1174487484339969 5.703694182750175 nan nan nan nan 0.23140248996353036 2.5426716256611854 2.5426716256611854 0.13224697250598222 0.18049861676496723 nan nan 0.18049879926559304 0.3997677126572493 0.3997677126572493 0.13666190494025296 0.13866821076332556 0.4552636108442619 nan nan 0.11705288794125492 0.11705288794125492 0.15328951023562368 0.10762281353718611 0.14580436802914068 nan nan 0.5106607451307028 0.1178267742035229 nan nan nan nan 0.23593985962901876 nan 0.13776690602472721 0.13253189038462368 0.39976407095008487 0.11704929854705153 0.10636954506384377
110850947.0 3.0 nan nan nan nan nan nan nan nan nan nan nan nan nan nan nan nan nan nan nan nan nan nan nan nan nan nan nan nan nan nan nan nan nan nan nan nan nan nan nan nan nan nan nan nan nan nan nan nan nan nan nan nan nan nan nan nan nan nan nan nan nan nan nan
278407.0 351.0 nan 24.236406155768567 1.0099365785739935 121.14068151584434 133.1841289382057 131.89854440312436 151.15846889998497 140.29471317572336 163.0638195909392 1.0096977734501043 121.14068151584434 132.92501108463236 131.89854440312436 150.82477878705492 149.17818610422106 nan nan nan nan nan nan nan 1.009840671965025 1.009840671965025 121.5692409734077 132.92536604622464 131.64440000000468 148.53480183364712 0.48748188300114687 1.0098108126232328 1.0098108126232328 120.92356701734415 133.4447598263887 132.1538123160755 148.85851417767412 0.48747840386663405 1.0095712680752935 1.0095712680752935 120.70985645631475 133.44476116232613 132.4100003235579 154.93648514946486 0.48747804834047614 1.0094990885931543 1.0094990885931543 121.5695338309552 132.15379621967224 131.13891570954434 0.19983039829908966 0.19983098291155052 0.9822494384757803 0.9822494384757803 122.98542125154194 134.27037595376748 133.47164845902603 163.650052806916 0.11072669474148703 nan 1.0099899951654485 1.0099601269926468 1.0097354385083588 0.9822933566864638 0.9822064399098178
92865174.0 32.0 nan 167.85544942364592 167.65587802027474 nan nan nan nan nan 167.85544942364592 0.11817587152380522 0.32084113436112804 0.24272728482192268 0.10209689395875116 0.24272644920009107 0.38422656931011284 nan nan nan nan nan nan nan nan nan nan nan nan nan nan nan nan nan nan nan nan nan nan nan nan nan nan nan nan nan nan nan nan nan nan nan nan nan nan nan nan nan nan nan nan nan nan nan nan
107439.0 75.0 nan 163.46876727556472 0.9982314656586436 0.16661148316692573 0.19990316582218187 nan nan nan 163.46876727556472 0.49933023205879257 0.1666116356466369 0.23101588360452077 0.11550344859509327 0.10708273809714755 6.7502876655486554 nan nan nan nan nan nan nan 0.299719882640473 0.299719882640473 0.29993516590268504 0.7522548709515137 0.23106207500181306 0.1363791332587748 0.10672475067269505 0.4992936407049216 0.4992936407049216 0.1666137686199092 1.0000136820459369 0.23159703953985455 0.7500301484078712 1.0003423864276568 0.7483824921832264 0.7483793729746417 0.435125871285841 0.10157108257279474 2.2501078114433013 2.99200695433748 0.18890656102132952 nan nan nan nan nan nan nan nan nan nan nan nan nan nan nan 0.1109746224286701 0.9982623839681418 0.7483263504066235 nan nan
77617268.0 120.0 nan 163.51033270245063 0.10424844063422802 nan nan nan nan nan 163.51033270245063 0.9954484581049364 1.990512048122347 0.27208164121440753 0.13330648086791033 0.19651326275305706 0.1885711577642607 0.14995215493593125 0.14722380418184053 nan nan nan 0.14727348898033235 nan 0.22524616373037376 nan nan nan nan nan nan nan nan nan nan nan nan nan 0.26345531177750375 0.26345531177750375 0.17250914742616363 0.24902542768732924 nan nan nan 0.24329455118531199 0.24329455118531199 0.1458267354063433 149.35438701198834 0.10718287771664868 nan nan 0.18955864080270532 0.18955864080270532 0.19968000888029078 0.6426825263166955 0.30255402795430586 0.7607507258837026 0.12491492560574856 0.12830825962663772 108.82451160460846 nan 0.2634470925334783 0.24329386886774249 0.18955688815241856
324837.0 186.0 nan 21.574012217117076 1.5022242897790459 0.24980053529733587 nan nan nan nan 144.44002774903683 1.5063135514102421 0.24980053529733587 0.3996263270259022 0.39960009198652846 0.20865755053388346 0.2086539742431312 0.10027413619727682 0.10027413619727682 0.7253211238322095 nan nan nan 0.3329109856953223 nan nan nan nan nan nan nan nan nan nan nan nan nan nan nan nan nan nan nan nan nan nan nan nan nan nan nan nan nan nan nan nan nan nan nan 0.10011662894026119 nan nan nan nan nan
14180741.0 115.0 nan 50.95201857393696 0.14622886605752886 nan nan nan nan nan 163.84836532357008 0.9958191345311076 0.9925999365377732 0.28593663063309616 0.5411138007049883 0.6715324627896055 0.30827675074381433 0.1509583460669131 nan nan nan nan nan nan 0.14544161043629297 0.5963731019103533 nan nan nan nan 0.5188871015512416 0.21282692644707454 0.21282692644707454 0.9926002092526182 10.262664640065355 0.3330654750970421 0.12086507415143714 nan 0.35585028781424594 0.35585028781424594 0.1250918903575678 0.38724861026914603 0.2389589057537453 nan nan 1.997517555698093 1.997517555698093 0.13389711445604582 0.18260949384207747 0.4976681901572636 nan nan 0.1509322871207463 0.1509322871207463 0.8389378993565846 nan nan nan nan 0.10020808510154053 0.13327602105551392 0.21282692644707454 0.3558198082725128 1.9961582540230427 0.12347423212500724
255194.0 272.0 nan 157.0147714484823 0.2486816075360209 nan nan nan nan nan 157.0147714484823 0.24868629966456512 0.9916163651187042 2.906902064512751 0.7452084258606848 0.7427726572274312 0.13961432146837047 nan nan nan nan nan nan nan nan nan nan nan nan nan nan 0.2486450150091457 0.2486450150091457 0.9918402274560382 0.23212886187783582 0.7451747204027475 0.7449304469859762 0.11606048914511442 nan nan nan nan nan nan nan nan nan nan nan nan nan nan nan nan nan nan nan nan nan nan nan 0.24863657210912532 nan nan nan
83557064.0 68.0 nan 163.71934488603824 163.56974024075276 nan nan nan nan nan 163.71934488603824 0.49763508287763997 0.24951166420078358 0.3984184995171924 0.9964742647901862 0.9962801504028389 0.33430052387356585 nan nan nan nan nan nan nan 0.22048736808574476 3.1326818431882417 nan nan nan nan nan 0.11266970820710404 0.14892764053298815 nan nan nan nan 0.11928643975871314 0.14643023649285955 0.17063262563402162 nan nan nan nan 0.11419405492409523 0.10444615741187732 0.1312920373933798 nan nan nan 0.34786178581857746 0.28888985831773 nan nan nan nan nan nan nan nan 0.10798965752910679 0.17550773198923628 0.1108162206491727 0.10112514895744851 nan
215351.0 239.0 nan 163.8431935324598 3.0201939979992765 0.13026358468273042 0.24967353137532355 0.37451383511873587 0.33287751165633533 0.4993529862980662 163.8431935324598 0.74924805517979 0.13026358468273042 0.24967353137532355 0.37451383511873587 157.1709020729218 0.6038605873447548 nan nan nan nan nan nan nan 0.7492242450410767 0.7492242450410767 0.1302635612639971 0.21375738642753325 0.2605279872028654 0.15765896744240604 0.37620343172986254 0.7492718891951103 0.7492718891951103 0.7493572858647555 0.18805961904572113 0.2995551207818129 0.10729087394066263 0.15765929183944738 0.7492653543092488 0.7492653543092488 0.13026337009204936 0.18808566799755652 0.1577846644185885 0.3761930677678608 0.7495374216062729 0.49957143872741777 0.49957143872741777 0.13026348794871018 0.2720708316912867 0.24967136096482334 0.3328819647191647 0.12875120480036162 nan nan nan nan nan nan nan nan 3.0199739626487263 3.0199747961172454 3.020025338934599 0.37437370392238845 nan
42852.0 249.0 nan 163.04032924752383 0.9923417589000503 0.9914056552699444 0.9908735846478549 0.9918230832102124 nan nan 163.04032924752383 0.9923994230209162 0.9913912674698666 0.9908592122868982 0.990787356735681 2.972448873780366 0.9923994230209162 nan nan nan nan nan nan nan nan nan nan nan nan nan nan 0.9923487781950803 0.9923487781950803 1.9844522345727802 2.97333043143137 0.99172009292678 0.9923634082668916 0.9925536384634139 nan nan nan nan nan nan nan 0.9925263146717894 0.9925263146717894 0.9921082506649166 2.9766759433330092 2.978103547234357 0.10006432032521455 2.9721426591750455 nan nan nan nan nan nan nan nan nan 0.9922610068222277 nan 0.992454209535529 nan
52320.0 312.0 nan 142.08576326905546 0.3320871983238501 0.9957509971767802 3.0159916201650314 2.9757060477630786 0.5003019376661049 2.975262833508046 142.08576326905546 0.33211296409227714 0.9957509971767802 3.01614341577765 2.9757060477630786 2.973343763080518 2.9706906719894524 nan nan nan nan nan nan nan 0.3321172116581041 0.3321172116581041 1.5091972938311613 1.5033272303991199 2.9721522695374034 3.015993284529575 2.9771741429964464 0.33211537049646583 0.33211537049646583 0.9957598080175575 1.5020080463788321 2.9737751383754185 3.0161451273137945 2.975104258946188 0.332115370496486 0.332115370496486 0.9957929108513633 1.5037423098015437 2.9737751383755944 3.0162969853884536 2.9739227597910283 0.49759293364035345 0.49759293364035345 0.9957101578933348 1.5015939237132017 2.9737751383754185 3.0166007474167205 2.9699421190053172 nan nan nan nan nan nan nan nan 0.3321135293552815 0.3321116882344702 0.3321116882344903 0.49758466788124994 nan
294841.0 255.0 nan 163.71735840256815 0.9926325377899328 nan nan nan nan nan 163.71735840256815 129.96377508611556 128.3794249572426 125.32385255914369 2.94928025260654 3.6410655560911844 0.1701444633776562 0.19987768129831943 0.19987768129831943 0.3997919993207752 0.2850869714585488 0.1662685737532635 0.4958281657416479 0.19790214884160776 0.9927811123144717 0.9927811123144717 2.918888074783578 1.4942416096172422 0.4100151947316017 0.11657378405028325 0.3323424584110179 127.3947767017028 127.3947767017028 125.28625810625776 0.7461181988001547 0.745506961118031 0.7455102984933086 0.13655784105622726 70.83259153045553 70.83259153045553 0.6023950573644968 0.13849849680359622 0.14306703618177768 2.022274670149188 0.5877786575048686 0.13664661746450568 0.13664661746450568 2.8882705374253943 0.12013770294309341 1.0004165365326232 6.028497604007047 0.5924535855164974 0.1962309312593457 nan nan nan nan nan nan 0.3327767742013086 128.65466920127474 0.989205716511683 70.80065361441791 0.1366464985503464 0.10022725364503444
96211803.0 55.0 nan 163.93475746554637 163.78260607269982 nan nan nan nan nan 163.93475746554637 0.150442403827099 0.25898949279781364 0.14020024820596325 0.9996278587768918 0.2023180512901119 0.1439280158424375 nan nan nan nan nan nan nan nan nan nan nan nan nan nan nan nan nan nan nan nan nan nan nan nan nan nan nan nan nan nan nan nan nan nan nan nan nan nan nan nan nan nan nan nan nan nan nan nan
111273243.0 21.0 nan 139.02642269762543 0.15023837634289983 nan nan nan nan nan 163.4379342132492 0.1800224847564383 0.11270440436298335 0.10453521462853806 0.13732366887390698 6.9581127876194255 1.03886543300648 nan nan nan nan nan nan nan 0.1777268127533201 nan nan nan nan nan nan 2.31324331498347 0.25250205341525733 0.13575994919781137 nan nan nan 0.1852666042058577 0.22799206703256764 0.223528890751606 nan nan nan nan 0.24677323021215178 0.5742600493581065 nan nan nan nan nan nan nan nan nan nan nan nan nan nan 0.10014906328032432 0.10680898232332735 0.11884107011203943 0.10027646899815237 nan
76422882.0 79.0 nan 163.47845738156678 163.33169343030283 nan nan nan nan nan 163.47845738156678 0.5175523531215875 0.12748257814546532 0.11724666900099817 0.3798954964328775 0.2531352011068039 1.4754133218855616 nan nan nan nan nan nan nan 0.16439399324983828 nan nan nan nan nan nan nan nan nan nan nan nan nan 0.10025877384471638 nan nan nan nan nan nan 0.3444566623499217 0.3444566623499217 0.13678510222012005 0.14455862386224838 nan nan 0.34068302433169895 0.1664522048762623 0.1664522048762623 0.12139532523440054 0.15250729113606598 nan nan 0.16262652380274925 nan 0.09999633160072889 nan 0.09999633160072889 0.10312842278541608 0.11287655041061864
38075415.0 74.0 nan 164.1917155702676 164.03651826291267 nan nan nan nan nan 164.1917155702676 0.15266530981215296 0.18967362247464514 0.2541294339238075 2.408216549026268 0.11519705090791355 0.11519185137381167 nan nan nan nan nan nan nan nan nan nan nan nan nan nan nan nan nan nan nan nan nan nan nan nan nan nan nan nan nan nan nan nan nan nan nan nan nan nan nan nan nan nan nan nan nan nan nan nan
122640408.0 50.0 nan 164.51370852022438 0.17135807236255185 nan nan nan nan nan 164.51370852022438 0.3311552114902193 0.13812633243601347 0.14017519169602452 0.4985795492491335 0.2869956684989783 0.13912215744977072 nan nan nan nan nan nan nan nan nan nan nan nan nan nan 0.31615733411387514 1.1518698938133463 nan nan nan nan 0.6376938700750927 nan nan nan nan nan nan nan nan nan nan nan nan nan nan nan nan nan nan nan nan nan nan nan 0.10106035465233316 nan nan nan
107784644.0 3.0 nan 28.743475784147158 28.686583440396358 nan nan nan nan nan 28.743475784147158 2.0703903792998233 nan 0.11381656935416411 0.30837103751242756 4.14064724009692 5.796756604091839 nan nan nan nan nan nan nan 0.12052534548076939 nan nan nan nan nan nan nan nan nan nan nan nan nan nan nan nan nan nan nan nan nan nan nan nan nan nan nan nan nan nan nan nan nan nan nan 0.18003477380839591 nan nan nan nan
100185188.0 118.0 nan 58.364754576697806 0.10520956505228861 nan nan nan nan nan 163.5116024129922 0.9955761185463023 0.9950849346105867 2.9858716521062703 2.9853314908799264 0.22261461027193988 0.13330566888447382 0.10369931034999741 2.153462058385665 nan nan nan nan 0.18184296413346307 0.10944045173208278 0.13816142585595137 nan nan nan nan nan nan nan nan nan nan nan nan nan nan nan nan nan nan nan 0.11883884175070739 0.11883884175070739 0.319510089488157 0.23918504643798663 nan nan 0.13325470837041536 0.9952968621573949 0.9952968621573949 0.33223594861887906 0.49835673809575753 1.9882961317691028 0.14772170194252698 1.0010129993541055 0.14052323659722055 0.11473182057221448 nan nan 0.11883884175070739 0.9952968621573949
266762.0 184.0 nan 163.84398566501426 163.69290818006027 nan nan nan nan nan 163.84398566501426 2.7362753730615657 0.14314681053793352 0.1132970619806336 0.6828151334435508 0.7483184123382997 0.7483026408349988 nan nan nan nan nan nan nan 0.1003724494449493 0.49440206189333313 0.1235055719657127 nan nan nan nan nan nan nan nan nan nan nan nan nan nan nan nan nan nan nan nan nan nan nan nan nan nan nan nan nan nan nan nan nan 0.13087452929069535 nan nan nan nan
54063785.0 136.0 nan 163.63601653776064 0.12394140774164294 nan nan nan nan nan 163.63601653776064 1.0018431926243425 1.0022894652681222 0.120365257665768 0.27574256091350036 0.43323558771710974 0.24483737483940596 0.2429178502950906 0.17636091975178822 nan nan nan nan nan nan nan nan nan nan nan nan nan nan nan nan nan nan nan nan nan nan nan nan nan nan 0.15295647256614792 0.15295647256614792 0.16479730263790654 0.15292331872872827 nan nan nan 0.9957719546014278 0.9957719546014278 0.9992930967403446 0.15983563291868763 0.2875197385130151 0.15254680329593512 nan 0.10062279560636012 nan nan nan 0.12491098371693507 0.9954591720591659
97546811.0 63.0 nan 163.76124905658995 0.10757290030120142 nan nan nan nan nan 163.76124905658995 0.3309360334301256 1.3412271243458356 0.15246415851026976 0.11913571992966794 0.10583030412021188 0.10583042960932576 nan nan nan nan nan nan nan nan nan nan nan nan nan nan nan nan nan nan nan nan nan 0.10218927940072664 0.10218927940072664 0.10606908244832934 nan nan nan nan 1.019584861793854 1.019584861793854 0.5029910717628938 116.78471797982762 nan nan 0.16659948120241755 nan nan nan nan nan nan nan nan nan nan 0.1239952693893467 0.12464893098101971 nan
153539.0 208.0 nan 142.08576326905546 0.1662420176837212 0.16625723760485736 0.49757689484958 2.9659857376192806 nan nan 142.08576326905546 0.16624247885251073 0.16625723760485736 0.49757689484958 2.9659857376192806 0.10649537041599683 0.3320283201486809 nan nan nan nan nan nan nan 0.16623905483468127 0.16623905483468127 0.5948047538440641 0.9947347106714872 0.5906586330113007 0.18639067862702774 0.9968036056242836 0.16624228395443058 0.16624228395443058 0.7458764248598551 0.42718978771175864 2.942806843135883 0.1018286432514972 1.1542039425396484 0.1662325969714858 0.1662325969714858 0.7458114260346834 2.9448320149443403 0.15329096176632812 2.022527882923355 0.24804613211031135 0.1662515107021709 0.1662515107021709 0.7459692999801676 0.4272324382652608 1.495670713671672 0.8543149697300095 0.15451222379606075 0.14946387558316745 0.14946387558316745 0.4551847044408576 0.36975852492668393 0.30016443284570477 nan nan nan 0.16623905483468127 0.16622752328807971 0.1662325969714858 0.1662459745306265 0.29749335796114823
25760694.0 40.0 nan 74.56667558414978 0.10106302540178083 nan nan nan nan nan 74.56667558414978 0.36574178774655736 0.9839153689198185 0.5018741869411676 0.1655845905501979 0.25371483867276706 1.014879848046389 nan nan nan nan nan nan nan nan nan nan nan nan nan nan 0.32424058600878364 0.32424058600878364 0.9977022708868928 nan nan nan 0.9977339439438524 nan nan nan nan nan nan nan nan nan nan nan nan nan nan nan nan nan nan nan nan nan nan nan 0.15075136872353603 nan nan nan
71068.0 326.0 nan 168.18689967085078 0.9906782235873156 0.9909711857286708 1.4939311559657176 0.49740625825392726 0.4972024268754035 0.9905527214029506 168.18689967085078 0.990706117280536 0.9909711857286708 1.4939311559657176 0.49740625825392726 0.4972024268754035 0.9905527214029506 nan nan nan nan nan nan nan nan nan nan nan nan nan nan nan nan nan nan nan nan nan nan nan nan nan nan nan nan nan nan nan nan nan nan nan nan nan nan nan nan nan nan nan nan nan nan nan nan
72695878.0 38.0 nan 163.59839115923276 163.4502138297183 nan nan nan nan nan 163.59839115923276 0.4069967271511239 0.24939535364032658 53.16939879976971 0.1360012512223876 0.3305983140526972 0.13352626003005297 nan nan nan nan nan nan nan 1.4071880157750414 0.14739282391904066 nan nan nan nan nan 3.668716320220556 0.1719322122230765 nan nan nan nan nan 0.14152816279895392 0.1415396724259866 nan nan nan nan 0.3717582267093896 nan nan nan nan nan nan nan nan nan nan nan nan nan nan nan 0.15359333905094297 0.1341237881734265 0.12378716827183052 nan nan
16598333.0 13.0 nan nan nan nan nan nan nan nan nan nan nan nan nan nan nan nan nan nan nan nan nan nan nan nan nan nan nan nan nan nan nan nan nan nan nan nan nan nan nan nan nan nan nan nan nan nan nan nan nan nan nan nan nan nan nan nan nan nan nan nan nan nan nan
12283850.0 21.0 nan 138.17752651009803 0.10479972234330105 nan nan nan nan nan 138.17752651009803 0.7294598736333971 0.16467279517741407 0.23951479614750937 2.1906041540458703 0.5917155251336524 0.9954549028566637 nan nan nan nan nan nan nan nan nan nan nan nan nan nan nan nan nan nan nan nan nan nan nan nan nan nan nan nan nan nan nan nan nan nan nan nan nan nan nan nan nan nan nan nan nan nan nan nan
14539.0 225.0 nan 163.67202691140992 0.9926723806120209 nan nan nan nan nan 163.67202691140992 0.9929633063823515 140.2744303185718 140.38409419730914 1.5045109791927207 0.24481095239061257 4.521554343142679 nan nan nan nan nan nan nan 0.9929737095187007 0.9929737095187007 140.27376677352063 0.23073338567840884 3.011276070157797 0.14275202418633315 0.2136681899264164 0.9929627270604688 0.9929627270604688 140.2737667735208 140.16426714683098 0.6002001396951129 0.29976191368290567 0.3327819334561216 0.9929295064784532 0.9929295064784532 140.60329213659995 0.2307333215263282 0.2989562914180382 0.9998407829542905 1.5540759672035702 3.089248079634319 3.089248079634319 1.0053609283050975 1.0053384122066138 1.5045157719579276 0.17783205485798875 0.37361443843344233 nan nan nan nan nan nan nan nan 0.9926223913094729 0.9925949550435293 3.0853721446318936 3.0853729861245833 nan
97688882.0 17.0 nan 164.0176828396459 163.86454942081636 nan nan nan nan nan 164.0176828396459 0.12830081684660993 0.17615096443728614 0.12135470002861927 1.0174814004610842 0.1788291750863587 0.12228545232123164 nan nan nan nan nan nan nan nan nan nan nan nan nan nan 0.423983640394509 0.2753107422523466 nan nan nan nan nan 0.1101507615106028 nan nan nan nan nan nan nan nan nan nan nan nan nan nan nan nan nan nan nan nan nan nan 0.13716709250922815 0.09999852361756428 nan nan
81018462.0 50.0 nan 163.59455009591713 0.12589242308237306 nan nan nan nan nan 163.59455009591713 0.3326092498443657 0.33240589904801043 0.12120133667769445 0.11262007538618087 0.12628577156753268 0.394452430084754 nan nan nan nan nan nan nan 0.6194960028451034 0.6194960028451034 0.4256818068344133 nan nan nan 0.12184040064213043 0.11261930248124512 0.11261930248124512 0.3905327261661154 0.17569257756306247 0.10971076935020764 nan nan 0.259467013371805 0.259467013371805 1.8227136816851917 0.6262139438785674 nan nan 0.2682439671270326 0.5182970730776872 0.5182970730776872 0.17127301253961566 nan nan nan nan nan nan nan nan nan nan nan nan 0.11910863847188251 0.3241387791453517 0.11560605285432139 0.1398111406249136 nan
35446325.0 3.0 nan 25.125526616001046 25.125526616001046 nan nan nan nan nan 25.125526616001046 nan nan 25.125526616001046 25.125526616001046 25.125526616001046 25.125526616001046 nan nan nan nan nan nan nan nan nan nan nan nan nan nan nan nan nan nan nan nan nan nan nan nan nan nan nan nan nan nan nan nan nan nan nan nan nan nan nan nan nan nan nan nan nan nan nan nan
58323.0 235.0 nan 163.0638195909392 1.0025269181296277 0.991686034808389 0.9913406950893319 0.9910674716742669 0.9909237303608912 nan 163.0638195909392 163.0638195909392 0.9916716408498025 0.9913263111538855 0.9910530956663833 0.9909381026159007 0.9915277242421338 nan nan nan nan nan nan nan 0.9916318322428584 0.9916318322428584 0.9918190226569731 0.9917614180797292 0.992640615580553 0.9909844106864042 0.991905442070879 163.0745037529766 163.0745037529766 0.9915310666683733 0.9913008222372853 0.9909556560156872 0.9908550278079072 0.9914878876909041 0.992639894419492 0.992639894419492 0.9919335312371291 0.9909836907194619 0.9913720418875376 0.9917030997077747 2.96367645404619 0.9932137614389512 0.9932137614389512 0.9918526796465761 0.991005720032311 0.13065016934856702 0.6011110421452461 0.12014844213321857 nan nan nan nan nan nan nan nan 0.9916318322428584 163.0745037529766 0.992582194411313 0.9931697972704705 nan
245853.0 326.0 nan 163.0638195909392 1.0013514503800363 0.9920460196242868 0.9911106022004504 0.9911393579701986 nan nan 163.0638195909392 163.0638195909392 0.9920460196242868 0.9911106022004504 0.9911393579701986 0.16231867206453518 1.9825953608110125 nan nan nan nan nan nan nan 163.0745037529766 163.0745037529766 1.0034612799185378 0.9911713567296406 0.9911713567296406 0.991372762134483 1.9824621549906198 1.0014897232055255 1.0014897232055255 0.9919054420708788 0.9910563046645294 0.9910563046645294 0.9907975351501137 0.10404104432002408 0.9930439823868149 0.9930439823868149 0.9921352466870476 0.9911274890043242 0.9911562536693017 0.9910412050259831 1.9827484654010716 0.9930035413029671 0.9930035413029671 2.972022923016217 0.9911447899423175 0.9911879376824859 0.16231823161654116 0.9985050774954255 0.9930452489180263 0.9930452489180263 2.9712616231645415 0.9911151692187476 5.946640190918775 5.946640190918775 7.018004553483332 nan 163.0745037529766 0.9998038825771748 0.9930584201847622 0.9998204795164063 0.9930598994243263
103354.0 69.0 nan 124.52859998013288 0.11102383766125795 nan nan nan nan nan 124.52859998013288 0.13087801115962386 0.1036591719111866 0.15266068419157577 15.003666065998628 0.7730203755211865 0.12049394319372064 nan nan nan nan nan nan nan 0.8431728913389553 0.842796664855269 nan nan nan 0.33681488734375126 0.09998966350904782 0.3357198823937578 0.3357198823937578 0.33488443928687694 0.7487908235080883 nan nan 0.49920724466191463 0.10917253092607815 0.13042390338964457 nan nan nan nan nan 0.6967535574470185 0.13041747095676856 nan nan nan nan nan nan nan nan nan nan nan nan nan 0.11410219395408486 0.1002513215365907 0.3337980282889286 0.128787616490918 nan
177557.0 346.0 nan 142.08576326905546 0.2301454125473527 0.9918615229622142 0.230156019313816 0.1870395371623857 0.2301984561582032 0.1108688931452045 142.08576326905546 0.23014452869427632 0.9918615229622142 0.230156019313816 0.2301931506968556 0.2301984561582032 0.1108688931452045 nan nan nan nan nan nan nan 0.15000653328366464 0.15000653328366464 0.9920497379484992 0.23015563380548257 3.0482193612278654 2.9924915747392404 0.42723243826528673 0.2301352988026258 0.2301352988026258 0.13039358762900244 0.23015209702509437 0.1870389442277097 0.18703952817950084 0.3746468128153465 0.5994650294373512 0.5994650294373512 0.7492064549769434 0.2301591706945589 0.23018127871438013 2.9924915747392404 0.12431016474060456 0.2301529812099974 0.2301529812099974 0.992115453356137 0.23016005493379932 0.23019100758865324 0.9982486431844146 0.11714157882603492 0.3346495741089825 0.3346495741089825 0.10493131643411469 0.42307185540874676 0.1360571624444816 0.15503122488389307 0.42300314901944835 nan 0.1304128894026738 0.23013706692109517 0.5994770265834454 0.23015386540169405 0.33465331286353733
4546786.0 98.0 nan 163.48157877076756 0.13768283917975158 nan nan nan nan nan 163.48157877076756 0.995358339012485 0.16553843617346228 0.9878873926784945 0.4674450967332265 0.9915709549244799 0.9999602569072146 nan nan nan nan nan nan nan 0.36716749426053186 4.487742140587091 nan nan nan nan nan 0.14091038494791316 0.14091038494791316 0.1402848447633492 0.20601630779406235 nan nan 0.9971863603775336 0.41555102497484586 0.41555102497484586 0.10011410824844927 0.498702300924502 nan nan nan nan nan nan nan nan nan nan nan nan nan nan nan nan nan nan 0.13494141299770845 0.9971644936497592 0.12463357562833018 nan nan
21692191.0 53.0 nan 163.43547478877957 163.28921691163984 nan nan nan nan nan 163.43547478877957 0.10924155971988823 6.038668212285474 1.4366193270841567 0.781017393644074 0.12188741545710977 0.49049709299980243 nan nan nan nan nan nan nan nan nan nan nan nan nan nan 0.10924153678718788 0.10924153678718788 0.3244970764896443 nan nan nan 0.13305857313471037 nan nan nan nan nan nan nan nan nan nan nan nan nan nan nan nan nan nan nan nan nan nan nan 0.10506920193710564 nan nan nan
56369732.0 98.0 nan 163.51727237063537 163.37005120534553 nan nan nan nan nan 163.51727237063537 0.7661909439740691 0.1404094061448462 0.14472199886175258 97.15400867452367 94.52233119421594 0.9970055205927991 nan nan nan nan nan nan nan 0.24900821737241 0.24900821737241 0.26487838838511296 nan nan nan nan 0.2987260180816371 0.2987260180816371 0.12483184318780535 0.48965770048635515 nan nan 0.9970227718351311 0.1891447825831926 0.1891447825831926 0.12750487983485473 0.10087539188056377 nan nan 0.41710940795738627 nan nan nan nan nan nan nan nan nan nan nan nan nan nan nan 0.12200705925738911 0.10150369051128329 0.13692142073409222 nan nan
9184.0 273.0 nan 57.57451196910117 3.0099530259493177 1.0022139512318928 3.0165504842400344 nan nan nan 163.8431935324598 3.0157306241349384 1.0022139512318928 3.0165504842400344 1.4860622300473976 140.5030607843682 0.12105278411687213 nan nan nan nan nan nan nan 2.9674724100775296 2.9674724100775296 1.0022247988097157 3.016535728941102 1.4862638545569693 140.5023993313688 1.485791153906688 2.9674236255251216 2.9674236255251216 1.0021911310753318 3.0165365614801942 152.8412091267673 140.613692866301 1.485766697583964 3.016176962137937 3.016176962137937 1.002270066549493 1.0037605238512206 1.4857787184763362 3.0592143578057605 0.12508710316671856 3.0153555796580016 3.0153555796580016 0.3488957227748285 0.5297590485711848 0.1735060894316394 0.17349964557197742 0.33306370857260165 nan nan nan nan nan nan nan nan 2.9661336890211687 3.011572667797304 3.0122361522976386 3.01039556458896 nan
100229335.0 100.0 nan 163.89166722233338 128.25746638604306 nan nan nan nan nan 163.89166722233338 0.9923892575694924 0.9923669978033388 3.0033815102830186 0.35388793189671264 0.11670416295151953 0.17727165918618282 nan nan nan nan nan nan nan nan nan nan nan nan nan nan 0.14801964716181545 0.14801964716181545 0.1273629334881294 0.11129684259627987 nan nan 0.10853326424983087 0.3220745552027056 0.3220745552027056 0.1135562214715508 0.24358957694492148 0.49697452606545867 nan nan 0.49961235241133745 0.49961235241133745 3.4178116384915613 0.25557856336481777 0.11733548298712702 0.3866747631184846 nan nan nan nan nan nan nan nan nan nan 0.13344092212169448 0.3220675980251286 0.49959878170787586 nan
114244753.0 4.0 nan 80.95084719566596 0.2727037727749091 nan nan nan nan nan 80.95084719566596 0.2621375274066646 nan 0.4561755887438028 0.29934070886351927 0.24791060239560284 0.24795048256130692 nan nan nan nan nan nan nan 0.5649599487979616 nan nan nan nan nan nan nan nan nan nan nan nan nan nan nan nan nan nan nan nan nan nan nan nan nan nan nan nan nan nan nan nan nan nan nan 0.11165769741175623 nan nan nan nan
54793663.0 64.0 nan 175.90991295996517 175.6065828747996 nan nan nan nan nan 175.90991295996517 0.13589996883902447 0.29884022987616216 0.4264559231770511 0.344655087181328 0.2871383832487303 0.1286870891777638 nan nan nan nan nan nan nan 0.3017064748367009 1.6190389908408414 nan nan nan nan 0.119116080156605 0.42648131614098206 0.42648131614098206 0.49807875579505606 0.12015840658510814 0.9354600493094075 nan nan nan nan nan nan nan nan nan nan nan nan nan nan nan nan nan nan nan nan nan nan nan nan 0.11227082182521403 0.42644632610969974 nan nan nan
129818444.0 54.0 nan 185.80567543826234 0.10087777421654766 nan nan nan nan nan 185.80567543826234 0.31575600357959405 0.11400769268074945 0.2555733825440119 0.12092091080951985 0.19338406633272462 0.2406031748669378 nan nan nan nan nan nan nan nan nan nan nan nan nan nan nan nan nan nan nan nan nan nan nan nan nan nan nan nan nan nan nan nan nan nan nan nan nan nan nan nan nan nan nan nan nan nan nan nan
101816124.0 51.0 nan 164.65659595673364 0.11158353050411109 nan nan nan nan nan 164.65659595673364 0.10919679076150046 0.13973989867598033 0.41312250519074095 0.15260588164183717 0.1526068490417891 1.9705511560761035 nan nan nan nan nan nan nan 0.410975201325868 0.15974959095032462 nan nan nan nan 0.37749299526195984 nan nan nan nan nan nan nan nan nan nan nan nan nan nan 0.2459292254991999 0.19792090992844916 nan nan nan nan nan nan nan nan nan nan nan nan nan 0.11048207886979691 nan nan 0.2108211555600787 nan
93459448.0 12.0 nan 166.84214938761926 166.65502746303724 nan nan nan nan nan 166.84214938761926 0.2758925199472808 0.1824363180121495 1.1325403748760439 0.1824363180121495 2.156946682264492 0.1256155920668918 nan nan nan nan nan nan nan nan nan nan nan nan nan nan nan nan nan nan nan nan nan nan nan nan nan nan nan nan nan nan nan nan nan nan nan nan nan nan nan nan nan nan nan nan nan nan nan nan
4966507.0 17.0 nan 175.715475215444 175.29574014384036 nan nan nan nan nan 175.715475215444 0.9888051317700223 0.2216175405577349 1.0018726305009567 0.11106714688146264 0.18181582396367615 0.1461514861246771 nan nan nan nan nan nan nan nan nan nan nan nan nan nan 0.1842208421586246 0.1842208421586246 0.2589042883712716 nan nan nan 0.7541274784889159 nan nan nan nan nan nan nan nan nan nan nan nan nan nan nan nan nan nan nan nan nan nan nan 0.10516836110775743 nan nan nan
124361.0 349.0 nan 24.745178330517163 0.9966452538987725 1.0046148382387552 0.5009585525657643 1.0051540499227039 0.9971095752147916 3.0159916201650314 142.08576326905546 0.4982760829888191 1.0046148382387552 0.5009627403502338 1.0051709096147905 3.0122016893019308 0.13337372302845896 nan nan nan nan nan nan nan 0.4982675174892485 0.4982675174892485 1.0046939679761808 1.0055708908241228 1.0051491023140513 2.0025166467349065 3.0164488587553255 0.4982675174892183 0.4982675174892183 1.004643422935584 1.0055371347169217 1.0051491023139907 2.001914398269696 2.001914398269696 0.49827995028495414 0.49827995028495414 1.0046602707173993 0.5009716750872172 1.0051153745186159 2.002583585599452 2.002449712345242 0.49828823916009307 0.49828823916009307 1.0045423481101663 0.5009004676944463 1.0051828323730514 2.002583585599332 0.5006869669202516 0.49831310744030605 0.49831310744030605 1.0044581346235046 0.5009381632041338 0.1539484070883266 0.15394722028198002 0.5007874151966678 nan 0.4983048177378006 0.49830896255456203 0.4983172523950344 0.4983255425112696 0.49833797820286635
52074857.0 63.0 nan 163.55419645452332 0.12278931471808947 nan nan nan nan nan 163.55419645452332 1.002206965585345 0.12046584263359565 0.43698369627750294 0.2987243160743064 0.38671576079378733 0.9984366030545492 nan nan nan nan nan nan nan 0.11121941330954777 0.11121941330954777 0.24626564355229053 nan nan nan nan 1.7360725767113359 1.7360725767113359 0.1049134375853528 1.3330279718606914 nan nan 0.49819298068987194 nan nan nan nan nan nan nan nan nan nan nan nan nan nan nan nan nan nan nan nan nan nan 0.10711408750277647 0.12378026086212723 nan nan nan
2779844.0 32.0 nan 163.59710097720867 0.14435423200758205 nan nan nan nan nan 163.59710097720867 0.1831688161295181 0.7933268720796968 0.2531545431546952 0.12960428342194463 0.10559117211605129 0.20323691643399883 nan nan nan nan nan nan nan 0.1309251482587128 nan nan nan nan nan nan nan nan nan nan nan nan nan 0.4731851247241431 0.4731851247241431 nan nan nan nan 0.10572379184675784 0.12134444843410766 nan nan nan nan nan nan nan nan nan nan nan nan nan nan 0.1001854876413968 nan 0.10695964336540677 0.12247286853470091 nan
20546536.0 103.0 nan 51.14941738326188 0.11856987850985444 nan nan nan nan nan 163.76000352256088 0.13510104296043 1.1310014495934646 0.39567647250821164 1.025896529506774 1.025931904209073 0.1324883979158276 0.17096215234596188 nan nan nan nan nan nan nan nan nan nan nan nan nan 0.8023708260097635 0.8023708260097635 0.32926386294957133 1.5842450108201183 nan nan nan 0.1235764109806418 0.1235764109806418 0.31617707840282055 0.16034282741001085 nan nan 0.12087716053663775 0.6564049924109661 0.6564049924109661 1.4655987066421485 0.5260673126955814 13.959407364980827 nan nan 0.14685990172028185 0.14685990172028185 0.13097573377682017 0.1210546229673794 0.48289523370282167 nan nan 0.37846453060938773 nan 0.10308822677885086 0.1044108759350291 0.4088215543653969 0.14685911010435437
44867066.0 27.0 nan 163.47338870995904 163.3266844495392 nan nan nan nan nan 163.47338870995904 0.25621948056944654 0.28012018417037293 0.11961077851909993 0.9428747075184712 0.6781342764728552 0.5099775663879186 nan nan nan nan nan nan nan nan nan nan nan nan nan nan 0.14883230081335228 0.10905107798152378 nan nan nan nan nan nan nan nan nan nan nan nan nan nan nan nan nan nan nan nan nan nan nan nan nan nan nan nan 0.20750343734194937 nan nan nan
115859.0 32.0 nan 120.74900348585382 120.46593330764955 nan nan nan nan nan 120.74900348585382 0.11664809118673083 0.3476171455355563 0.997098775761558 0.509157891662747 0.10183546840517688 0.9978345195717075 nan nan nan nan nan nan nan nan nan nan nan nan nan nan 0.11664809118673083 0.11664809118673083 0.25189536637258614 nan nan nan 3.022844259523378 nan nan nan nan nan nan nan nan nan nan nan nan nan nan nan nan nan nan nan nan nan nan nan 0.1286024746151712 nan nan nan
39948285.0 132.0 nan 163.60648297511503 0.4988594703366519 nan nan nan nan nan 163.60648297511503 0.49885257152075146 0.9914082061544864 0.1149755767405545 0.2143890130997615 0.13295298770803057 0.10659011477027311 nan nan nan nan nan nan nan nan nan nan nan nan nan nan 0.37168568483585634 0.37168568483585634 0.10710067885020982 0.6606244318739376 14.809975245817654 nan nan 0.10337902914115184 0.10337902914115184 0.4052156216899982 0.1279997409720943 nan nan 0.10606736599548552 0.1539800527660568 0.1539800527660568 0.11240886616644136 0.10076279536307702 0.1394821596850575 nan nan 0.1861681928797324 0.1861681928797324 0.11698084925054578 nan nan nan nan nan nan 0.37167624843656855 0.10337890515807723 0.1539797679656388 0.10749973694658489
113204830.0 39.0 nan 164.0530800447824 0.1424758168196986 nan nan nan nan nan 164.0530800447824 0.10474353845286458 0.10375082010832738 0.16852883127805612 0.11318635019782174 0.1200177409171212 0.1339436395665779 nan nan nan nan nan nan nan 0.26828817925051446 0.33685126933832754 nan nan nan nan nan 2.8248398375943142 2.8248398375943142 0.7162776994153799 0.33159768940202405 nan nan 0.17855926818163595 0.14196680653745464 nan nan nan nan nan nan nan nan nan nan nan nan nan nan nan nan nan nan nan nan nan 0.132442277994418 0.10331022208124237 0.4576687974687084 nan nan
335624.0 342.0 nan 142.08576326905546 0.24764905020652977 0.4953313292510261 61.98708246812366 62.50430593453181 0.5919962469806397 0.18358103880430598 142.08576326905546 0.24764905020652977 0.4953313292510261 61.98708246812366 0.42491880647009334 0.5919903989354844 0.15116649621300296 nan nan nan nan nan nan nan 0.24765443219176947 0.24765443219176947 0.4953629147849027 0.3294814855178116 3.8744117878897795 0.17833116151284387 0.10330180826499934 0.24766978974230638 0.24766978974230638 0.4953424356982017 62.30051347736121 1.014459410236012 0.33669587039480986 0.33669776269300244 0.5926980547253243 0.5926980547253243 0.3718447216265957 0.10684483878973627 0.1068465538055579 0.5919425897151024 0.1923704284552333 0.15960465000180885 0.15960465000180885 0.21549075597234124 0.1616777643201159 0.18114315975113834 0.4310224340386352 0.20135374866684225 nan nan nan nan nan nan nan nan 0.24765443219176947 0.24766978974230638 0.5926980547253243 0.15960507521212403 nan
70061525.0 20.0 nan 164.6116135702278 0.1244355074482556 nan nan nan nan nan 164.6116135702278 0.13015501529887083 0.3080515618415341 0.19076188626208843 0.1533456058182494 0.12941224322687214 0.2314579215394353 nan nan nan nan nan nan nan 0.11275832718162905 25.384116921083095 nan nan nan nan nan nan nan nan nan nan nan nan nan nan nan nan nan nan nan nan nan nan nan nan nan nan nan nan nan nan nan nan nan nan 0.11296313613409228 nan nan nan nan
117277073.0 87.0 nan 163.47304985836843 163.3263495882892 nan nan nan nan nan 163.47304985836843 0.9955186158365403 0.3804560939987873 0.27823634373173917 1.887588755064361 1.8876474875015932 0.10737970769769044 nan nan nan nan nan nan nan 0.15070649301447991 nan nan nan nan nan nan nan nan nan nan nan nan nan 18.686323754489074 1.073267682889625 nan nan nan nan nan 0.3341775736226621 0.3341775736226621 0.11165770852605973 0.11118880664563242 nan nan 0.2501979192290345 0.3315131922557606 0.33151184002556566 nan nan nan nan 1.0097683249674116 nan 0.10028162214308259 nan 0.13797802825089292 0.25046441260878616 0.12619071591355296
110317479.0 27.0 nan 163.47300145238944 163.32630175234127 nan nan nan nan nan 163.47300145238944 0.21282485287785435 0.1368494531608007 1.309156227775532 0.156678931569194 1.02115415581149 1.0007000054816637 nan nan nan nan nan nan nan 0.18002893039514153 0.10451833395865781 nan nan nan nan nan 0.2620814385065601 0.2620814385065601 0.41497991541958024 0.6807403687436047 0.11058934772741198 0.2332431830127196 nan 0.268027795640622 0.268027795640622 0.2680238849241124 0.1322783900449899 nan nan nan nan nan nan nan nan nan nan nan nan nan nan nan nan nan nan 0.1832958251482936 0.168257620772173 0.11579715510438654 nan nan
152812.0 268.0 nan 168.18689967085078 0.992466592229666 2.9590032897304464 2.9789191860639197 1.507338849149526 2.9566412008423253 2.955896061323809 168.18689967085078 0.9925225827944388 2.9590032897304464 2.9789191860639197 1.507338849149526 2.9565169848349027 118.78837989120144 nan nan nan nan nan nan nan nan nan nan nan nan nan nan nan nan nan nan nan nan nan nan nan nan nan nan nan nan nan nan nan nan nan nan nan nan nan nan nan nan nan nan nan nan nan nan nan nan
18604382.0 39.0 nan 163.84551056243217 138.42000223022194 nan nan nan nan nan 163.84551056243217 68.63156162317284 0.14205327172794846 0.10638594900838078 0.10298750364045699 0.10298750364045699 0.11913359263699187 nan nan nan nan nan nan nan 10.479955321745443 nan nan nan nan nan nan 0.13685780451387902 0.12117500159108073 nan nan nan nan 6.008744618514421 0.10092327149548559 nan nan nan nan nan nan nan nan nan nan nan nan nan nan nan nan nan nan nan nan nan 0.1001664313767116 0.11833078199789553 109.91629631922528 nan nan
7315.0 341.0 nan 163.84280601676025 2.959846919150206 2.982871422524124 156.0654257254923 140.94947424913718 157.30997174659 140.39218342837475 163.84280601676025 2.964492638570599 2.982871422524124 156.0654257254923 140.94947424913718 157.30997174659 140.39218342837475 nan nan nan nan nan nan nan 2.964449609363825 2.964449609363825 0.7556247507459211 156.06605672026785 140.83680225819262 157.59003512721532 140.28034488181126 2.9645494384151014 2.9645494384151014 0.7555863684412952 156.47875438674845 141.17280311480764 157.31073611875826 157.31073611875826 2.9644991138225856 2.9644991138225856 0.7556054532291369 155.7921309513048 140.9486239129417 141.06062327718354 140.39128430173113 2.9643984696779766 2.9643984696779766 0.7556114621242029 155.7921343400726 140.94861912186258 140.94861912186258 140.39127923575217 2.9647781672543414 2.9647781672543414 0.7556200921557645 156.61685109056 141.17274929627197 151.6659978942926 157.03247529271758 nan 2.9595568385746653 2.9595576557046943 2.9596061797544824 2.9595552043147055 2.9595882025987286
225416.0 218.0 nan 168.18689967085078 1.0022050518843335 1.0051252040420735 nan nan nan nan 168.18689967085078 1.0029763808069034 1.0051252040420735 1.0049386083511727 1.0053118690395322 1.0035198799278644 1.0036486896890002 nan nan nan nan nan nan nan nan nan nan nan nan nan nan nan nan nan nan nan nan nan nan nan nan nan nan nan nan nan nan nan nan nan nan nan nan nan nan nan nan nan nan nan nan nan nan nan nan
70218390.0 35.0 nan 163.8406218560643 163.68958414700066 nan nan nan nan nan 163.8406218560643 0.14301487730013415 0.989882825859184 0.285658925461422 0.3334228918674905 0.2856681168753024 0.11098553211597241 nan nan nan nan nan nan nan 0.11356787438590181 0.7251057423146924 nan nan nan nan nan 0.7622063648775509 0.7622063648775509 0.11731904606535908 nan nan nan nan 0.26914366888359803 0.26914366888359803 0.11459498540460374 nan nan nan nan 0.13250934024728703 0.15811065168846108 nan nan nan nan nan nan nan nan nan nan nan nan nan 0.13112223191758712 0.4202442090419273 0.12457928382677613 0.1387077657680342 nan
111575039.0 35.0 nan 163.51186206370582 0.15705507446766062 nan nan nan nan nan 163.51186206370582 0.11894221684996664 0.10334124065053694 0.5784455780916788 0.11153247804086079 0.25790766519591773 0.16115872857439895 nan nan nan nan nan nan nan nan nan nan nan nan nan nan nan nan nan nan nan nan nan 0.6119596802046878 0.6119596802046878 0.19423203964088576 nan nan nan 0.17180325738563992 11.265731014660904 11.265731014660904 0.10137235143403008 nan nan nan 0.19007282512821266 0.11592421023281192 nan nan nan nan nan nan nan nan nan 0.10221222642833477 0.10793997360978522 0.5102713710135367
3112287.0 54.0 nan 163.58995599572268 163.44187813360975 nan nan nan nan nan 163.58995599572268 0.10310713040595011 1.486121910439261 1.0081274741890882 0.16892537729288806 0.12624106626111584 3.023360961309472 nan nan nan nan nan nan nan 0.12511808204353825 0.14192512926283266 nan nan nan nan 0.10167470307776204 1.084449705043369 1.084449705043369 1.9333143700830377 0.2245942290005268 nan nan 0.12491881023551461 0.13611140900013888 0.5162848265453931 nan nan nan nan 6.9065900322847 nan nan nan nan nan nan nan nan nan nan nan nan nan nan nan 0.10885325983165599 0.10310635119298782 0.10348485241143408 nan nan
128989049.0 39.0 nan 163.67614464012146 163.5270500008958 nan nan nan nan nan 163.67614464012146 0.6688581269185006 0.11757922183483657 0.15981533103871323 0.10411765126912095 0.15203323214949901 0.19881289281508216 nan nan nan nan nan nan nan 0.3243519853283673 0.3733169490886361 nan nan nan nan 0.15301243700271822 0.15273761164315777 0.12580652180927143 nan nan nan nan 3.8207201861761333 nan nan nan nan nan nan nan nan nan nan nan nan nan nan nan nan nan nan nan nan nan nan 0.1571202508926903 0.10242517483356281 nan nan nan
64286799.0 35.0 nan 163.4332207728937 0.17721496756885424 nan nan nan nan nan 163.4332207728937 0.10436171176362347 0.10260063556901729 0.1598867870611641 0.26896994130215196 0.500873828710283 0.10224086298694327 nan nan nan nan nan nan nan 0.2246999845561991 nan nan nan nan nan nan 0.1270873847064053 0.1270873847064053 0.1022458183547401 nan nan nan nan nan nan nan nan nan nan nan 0.8246225139996476 nan nan nan nan nan nan nan nan nan nan nan nan nan nan 0.10018397311470273 0.11814256314126906 nan 0.10002518529456776 nan
118914004.0 106.0 nan 51.88623941710342 0.14094606627525352 nan nan nan nan nan 163.4369310766059 1.4164265522812831 0.2361461448048038 0.11395713937580526 0.28163163385066436 3.0516325313292523 0.9893801598218753 0.31248564472214313 nan nan nan nan nan nan nan nan nan nan nan nan nan nan nan nan nan nan nan nan 0.16126408130949102 0.16126408130949102 0.236288150472349 nan nan nan nan 0.10514843363241763 0.10514843363241763 1.7864018558718222 nan nan nan 0.27876481478650217 0.3474078395343139 0.3474078395343139 0.30964598454333486 nan nan nan nan 0.10019154329046252 nan nan 0.10508869248017272 0.13158787949368866 0.14324921617740646
88444541.0 82.0 nan 163.43385037735663 163.287611621157 nan nan nan nan nan 163.43385037735663 0.1050776412657354 0.1259662294786145 0.14077342692882244 0.4846831083346782 0.11783232897612403 0.11591498710480862 nan nan nan nan nan nan nan 0.25597585738745715 0.25597585738745715 0.24365549465186676 nan nan nan nan 4.216296373900982 4.216296373900982 0.23286234576957804 0.2550572051631341 0.4994265338194729 nan nan nan nan nan nan nan nan nan 0.13254938371654437 0.10752998537647439 nan nan nan 0.4544021924860929 nan nan nan nan nan nan nan nan nan 0.11256947882446182 4.216296373900982 nan 0.16808308177167436 nan
116512041.0 99.0 nan 57.466130439205486 0.10333813153913608 nan nan nan nan nan 163.8894890519962 0.9987419116104319 0.9955342429888752 0.15220229697197676 0.25534148137943835 0.2153003193715253 0.14178655443192958 0.2769569642420038 nan nan nan nan nan nan 0.3114448003747708 0.31148433343481663 nan nan nan nan 0.20229081989272416 0.10260454636206168 0.10260454636206168 0.3109438582197285 0.2365490845493073 nan nan nan 1.249406290449278 1.249406290449278 0.16418993273076524 0.1260213799583901 nan nan 0.12378280032449386 28.777867872121465 28.777867872121465 0.5619375760664808 0.10145845620008505 0.35905606934318657 nan nan nan nan nan nan nan nan nan 0.10020112345429617 0.1043454160417374 0.117806805516875 1.2492425377770604 0.9982601486431646 nan
