id ndet ptrue multi_lsp_f1 multi_lsp_f2 multi_lsp_f3 multi_lsp_f4 multi_lsp_f5 multi_lsp_f6 multi_lsp_f7 multi_lsp_g1 multi_lsp_g2 multi_lsp_g3 multi_lsp_g4 multi_lsp_g5 multi_lsp_g6 multi_lsp_g7 s_lsp_g1_u s_lsp_g1_g s_lsp_g1_r s_lsp_g1_i s_lsp_g1_z s_lsp_g1_y s_lsp_g2_u s_lsp_g2_g s_lsp_g2_r s_lsp_g2_i s_lsp_g2_z s_lsp_g2_y s_lsp_g3_u s_lsp_g3_g s_lsp_g3_r s_lsp_g3_i s_lsp_g3_z s_lsp_g3_y s_lsp_g4_u s_lsp_g4_g s_lsp_g4_r s_lsp_g4_i s_lsp_g4_z s_lsp_g4_y s_lsp_g5_u s_lsp_g5_g s_lsp_g5_r s_lsp_g5_i s_lsp_g5_z s_lsp_g5_y s_lsp_g6_u s_lsp_g6_g s_lsp_g6_r s_lsp_g6_i s_lsp_g6_z s_lsp_g6_y s_lsp_g7_u s_lsp_g7_g s_lsp_g7_r s_lsp_g7_i s_lsp_g7_z s_lsp_g7_y s_lsp_f_u s_lsp_f_g s_lsp_f_r s_lsp_f_i s_lsp_f_z s_lsp_f_y
331174.0 141.0 6.0522 159.8084347307519 0.6673152551631758 nan nan nan nan nan 159.8084347307519 0.6673188993717306 0.7501747419241569 0.8562254637085677 6.050969544009906 6.052468076709439 6.052018438971403 nan nan nan nan nan nan nan 0.6673107562491509 0.6673107562491509 1.3345915968301314 1.3346061736723043 0.11306428379340426 0.10503241170015751 0.35632974914604376 0.6673071119349386 0.6673071119349386 0.12752649787089698 0.8562100015139312 6.050809284462196 6.052008051766141 6.05155845836817 0.16397927541839513 0.16397927541839513 0.3238858048078064 0.11626673162640756 0.11306410374902424 6.051107743661618 0.1377642659534342 0.6673197312837521 0.6673197312837521 0.12752687108852498 0.1275269376366256 6.049909332712445 6.0526064251732015 6.05185699163406 nan nan nan nan nan nan nan nan 0.6673089340870693 0.6673071119349386 0.16397927541839513 0.6673179090722827 nan
48725835.0 4.0 0.2926 157.41001768524222 157.33229534584405 nan nan nan nan nan 157.41001768524222 0.17734663151415145 nan nan nan 0.10779809260924166 0.2926038104265701 nan nan nan nan nan nan nan nan nan nan nan nan nan nan 0.3498584400084217 nan nan nan nan nan nan nan nan nan nan nan nan nan nan nan nan nan nan nan nan nan nan nan nan nan nan nan nan nan 0.10006066622216322 nan nan nan
62698558.0 8.0 2.1704 160.81716467690936 160.7012758659206 nan nan nan nan nan 160.81716467690936 0.20134003503282408 nan nan nan nan nan nan nan nan nan nan nan nan nan nan nan nan nan nan nan nan nan nan nan nan nan nan nan nan nan nan nan nan nan nan nan nan nan nan nan nan 0.19757912123357177 0.21893995030821448 nan nan nan nan nan nan nan nan nan nan 0.1559730632525883
55828424.0 57.0 13.2784 156.55942636213055 0.20179057285810126 0.2018006958507113 0.20180570085146202 nan nan nan 156.55942636213055 13.261497455326584 13.257077903159344 13.254623869013436 13.258550759874623 13.259041784841909 13.251189747158577 nan nan nan nan nan nan nan 0.2654819941490591 0.2654819941490591 0.13349119182928115 1.0628270743334787 nan nan nan 0.20178255035356707 0.20178255035356707 0.34020130755020195 0.10418448992328978 0.10856929527745712 0.929407414213758 0.39031411689634243 0.15431382521231884 0.15431382521231884 0.16923321051711235 0.11412660464650058 0.10879758126729519 nan nan 0.2544140088633102 0.2544140088633102 0.12096491322423997 0.24262654182479473 0.12105746173641684 nan nan nan nan nan nan nan nan nan nan 0.10796795018953462 0.20178255035356707 0.1543141586683873 0.14620674326804786 nan
38377983.0 2.0 2.4394 96.00171944967381 96.00171944967381 nan nan nan nan nan 96.00171944967381 nan nan nan nan nan nan nan nan nan nan nan nan nan nan nan nan nan nan nan nan nan nan nan nan nan nan nan nan nan nan nan nan nan nan nan nan nan nan nan nan nan nan nan nan nan nan nan nan nan nan nan nan nan nan
197299.0 182.0 2.2271 159.80819956765455 9.538549950916535 9.541901601819424 9.549358154450607 nan nan nan 159.80819956765455 9.538922240292539 9.541901601819424 9.549358154450607 9.548611974803027 9.549358154450607 9.549731288008958 nan nan nan nan nan nan nan 9.535639029633309 9.535639029633309 9.540478471208244 9.548306415720823 9.548306415720823 9.548679495408319 9.548679495408319 9.539361241060982 9.539361241060982 9.540850939414122 9.550172105749718 9.550545331250015 9.551291869772488 9.552785297000726 9.540104204335439 9.540104204335439 9.543084531254364 9.549423912842174 9.547931536040375 9.547931536040375 9.548677666129837 9.53973179435399 9.53973179435399 0.10079149614586319 9.549797079940468 9.546439625620742 0.1007909973085749 0.10079112201743408 0.1073759530511777 0.1073759530511777 0.11317124837109735 0.4823918853748217 nan nan nan nan 9.535266968247036 9.538988889157336 9.540104204335439 9.53973179435399 0.11897952941833377
101441464.0 2.0 9.261 168.27490575224988 168.27490575224988 nan nan nan nan nan 168.27490575224988 nan nan nan nan nan nan nan nan nan nan nan nan nan nan nan nan nan nan nan nan nan nan nan nan nan nan nan nan nan nan nan nan nan nan nan nan nan nan nan nan nan nan nan nan nan nan nan nan nan nan nan nan nan nan
88413067.0 17.0 1.0605 158.29190910519804 158.20445464133647 nan nan nan nan nan 158.29190910519804 0.10140517675856893 0.15248224689977005 0.12636146406407162 0.11471362975630583 0.20149618752682028 0.16958680782877886 nan nan nan nan nan nan nan nan nan nan nan nan nan nan 0.5363174541801128 0.5363174541801128 0.16794878557367277 nan nan nan 0.13751353245754194 nan nan nan nan nan nan nan 0.11982161443370146 0.11982161443370146 0.2945986721874217 nan nan nan nan nan nan nan nan nan nan nan nan nan 0.1105924772330365 nan 0.11247967568093724 nan
111716677.0 20.0 7.1156 156.46632088614467 0.14389126372527108 0.45143329083377465 0.18385993930022929 nan nan nan 156.46632088614467 3.558270028311202 0.5186973285454991 0.9727674099916582 0.700934017683089 0.12642084919343735 0.6617119421154098 nan nan nan nan nan nan nan nan nan nan nan nan nan nan 0.3770185529318983 0.3770185529318983 0.11523690876235113 0.20162703176023294 nan nan nan 0.11968438618967774 0.11968438618967774 0.16839260958569566 0.11374318644068346 nan nan nan nan nan nan nan nan nan nan nan nan nan nan nan nan nan nan nan 0.10158819009002902 0.10704785575470284 nan nan
152618.0 9.0 0.3936 160.59323530117973 0.10902099602271502 nan nan nan nan nan 160.59323530117973 0.39307553626386366 0.15449241315496245 0.2795630997848909 nan nan 0.10481567360966162 nan nan nan nan nan nan nan nan nan nan nan nan nan nan nan nan nan nan nan nan nan 0.13792321167456936 0.39360122349374804 nan nan nan nan nan nan nan nan nan nan nan nan nan nan nan nan nan nan nan nan nan nan 0.1236379093166231 nan nan
102024375.0 9.0 2.379 156.85955010192527 0.12316483683000927 nan nan nan nan nan 156.85955010192527 0.48107181753868394 0.12213329118408663 0.16330802705413072 0.19097632358250005 0.5177423296856442 nan nan nan nan nan nan nan nan nan nan nan nan nan nan nan 0.12739518671750213 0.5610358090220876 nan nan nan nan 0.6931077913177238 nan nan nan nan nan nan nan 0.17556092600704243 nan nan nan nan nan nan nan nan nan nan nan nan nan nan nan 0.13649005701930256 nan 0.15609027653492558 nan
321283.0 44.0 0.2582 141.65335615264533 0.11629378521567563 nan nan nan nan nan 159.80876611607533 0.11104091694148192 0.10755786006239323 0.10755786006239323 0.11583243082651379 0.10391396295304937 0.10391387458404465 nan nan nan nan nan nan nan 0.12217611931278392 0.12217611931278392 0.3320915329048566 0.11711238713047133 nan nan nan 0.18743537480805791 0.18743537480805791 0.23067169399710263 0.12267845771806497 nan nan 0.3505851588436765 0.10755779150135299 0.10755779150135299 0.1626901949706825 nan nan nan nan 0.11249745743975709 0.11250243495894773 nan nan nan nan nan nan nan nan nan nan nan nan nan 0.10986878006481489 0.10925591242042819 0.15807074181033856 0.10718927292614105 nan
9908199.0 70.0 248.58 156.53242864519316 156.46428919154886 nan nan nan nan nan 156.53242864519316 0.3011703588580161 0.30118070556908283 0.30118221978155335 0.30118070556908283 0.30117868664280617 0.301177677189818 nan nan nan nan nan nan nan 0.11016177131078807 0.11016177131078807 0.17520344764032703 0.19877624303972408 nan nan 0.22093789815057824 0.11384289725295084 0.11384289725295084 0.11384470958189467 5.983590605123671 0.42548207911540203 0.3798958843808896 0.14906077325151829 0.1828878216198465 0.1828878216198465 0.6297281359770761 0.23928962102717644 0.1324276645874451 0.9968950894737301 0.13843472056344336 0.11214013410663946 0.11214013410663946 0.11476412306605312 0.11053063877178694 0.18974377832192843 0.9974492464777763 0.20183234625554758 nan nan nan nan nan nan nan nan 0.11016169972793227 0.11384285869338745 0.18288802737840482 0.11214006243970914 nan
71126328.0 2.0 0.3936 64.68157738323096 64.68157738323096 nan nan nan nan nan 64.68157738323096 nan nan nan nan nan nan nan nan nan nan nan nan nan nan nan nan nan nan nan nan nan nan nan nan nan nan nan nan nan nan nan nan nan nan nan nan nan nan nan nan nan nan nan nan nan nan nan nan nan nan nan nan nan nan
330311.0 216.0 0.7657 141.8094529909053 0.3828526187263746 0.3828526187263746 0.38285379454356944 0.3828532066340692 0.3828532066340692 0.38285320663406924 159.60230865106124 0.38285555828290363 0.38285379454356944 0.3828532066340692 0.3828532066340692 0.38285379454356944 0.38285379454356944 nan nan nan nan nan nan nan 0.38285591707513716 0.38285591707513716 0.38285238941934013 0.38285121354852064 0.38284944975583446 0.38284944975583446 0.7656941533928117 0.3828553291279899 0.3828553291279899 0.3828506256158195 0.3828535652973827 0.38285297735745855 0.38285297735745855 0.7656941533928117 0.38285709297484927 0.38285709297484927 0.38285650502409035 0.38285474118264834 0.38285591707513716 0.38285650502409035 0.38285591707513716 0.38286738688778654 0.38286738688778654 0.3828620739702549 0.3828608933419387 0.3828638449263819 0.38286148365518663 0.38285853210715026 nan nan nan nan nan nan nan nan 0.3828535652973827 0.3828535652973827 0.38285474118264834 0.3828638449263819 nan
74909063.0 9.0 2.4472 158.8105675121483 68.96443847355218 nan nan nan nan nan 158.8105675121483 0.6848347325065887 0.11731964617875752 nan nan nan nan nan nan nan nan nan nan nan nan nan nan nan nan nan nan 0.1852576235067766 0.3106596317498961 nan nan nan nan nan nan nan nan nan nan nan nan nan nan nan nan nan nan nan nan nan nan nan nan nan nan nan nan 0.10141521971367398 nan nan nan
78489392.0 5.0 0.9438 156.9429926303991 156.87038263636094 nan nan nan nan nan 156.9429926303991 0.35984427629505755 0.3506894396347642 nan nan nan nan nan nan nan nan nan nan nan 0.10992277486035579 nan nan nan nan nan nan 0.10216144858406219 nan nan nan nan nan nan nan nan nan nan nan nan nan nan nan nan nan nan nan nan nan nan nan nan nan nan nan nan 0.18230260005774562 0.10002856295209385 nan nan nan
30210862.0 3.0 4.7874 161.9694412186062 161.8402986891421 nan nan nan nan nan 161.9694412186062 0.19358956886968268 nan nan nan nan nan nan nan nan nan nan nan nan nan nan nan nan nan nan nan 0.5729812007610352 nan nan nan nan nan nan nan nan nan nan nan nan nan nan nan nan nan nan nan nan nan nan nan nan nan nan nan nan nan 0.10001442766714558 nan nan nan
36296411.0 7.0 4.7874 156.54121203426018 156.4729771728389 nan nan nan nan nan 156.54121203426018 0.2813498814192945 0.2593748019792426 nan nan nan nan nan nan nan nan nan nan nan nan nan nan nan nan nan nan 0.2813498814192945 0.2813498814192945 nan nan nan nan nan nan nan nan nan nan nan nan nan nan nan nan nan nan nan nan nan nan nan nan nan nan nan nan 0.14944788668684267 nan nan nan
38054020.0 39.0 1.0695 156.52313356840776 0.25156025379499786 nan nan nan nan nan 156.52313356840776 0.534726450752294 0.5347169178900592 1.069444149723049 1.0694219068079718 1.0694250843106208 0.10062503724559076 nan nan nan nan nan nan nan nan nan nan nan nan nan nan 0.12664124357809542 0.12664124357809542 0.12739235653610448 0.36652528056348055 0.20293754280739487 nan nan 0.13622258892189446 0.13622258892189446 0.23153795490092646 nan nan nan nan 1.2459791935940945 1.2459791935940945 0.12853643622712027 nan nan nan nan nan nan nan nan nan nan nan nan nan 0.12664044506788028 0.1550002154153815 0.16396725303089335 nan
29465049.0 49.0 0.2965 156.61725099688888 0.2979178909032309 nan nan nan nan nan 156.61725099688888 0.1482494537233423 0.29649843667270726 0.29650041767262036 0.29650041767262036 0.2965014081825037 0.2965014081825037 nan nan nan nan nan nan nan 0.38519297723999657 0.38519297723999657 0.17070167039641804 nan nan nan nan 0.14825069459965393 0.14825069459965393 0.14825158810201705 0.29650121407400354 0.8094982668660452 0.6964557277559169 0.1941987677967926 0.14824943821897935 0.14824943821897935 0.12906481429440045 2.3597443336548225 0.49937826422297477 nan nan 0.1418695838332597 nan nan nan nan nan nan nan nan nan nan nan nan nan nan 0.2979178909032309 0.1482505953222784 0.14824943821897935 0.1003651109444281 nan
22813375.0 129.0 0.6633 156.43974991445867 0.33162876107035394 0.3316408339482506 nan nan nan nan 156.43974991445867 0.331625139378386 0.3316426449557511 0.33165200214293505 0.33165381327241134 0.33165441698663256 0.33165441698663256 0.16438259246556133 0.16438259246556133 0.17816682656251992 nan nan nan 0.11017562500442331 0.24583089001571973 0.24583089001571973 0.12241587609451914 0.20412480887930956 nan 0.9218248026975069 0.4596582300472425 0.16527768350008853 0.16527768350008853 0.16527834563869662 0.2769699364281569 0.9953173772487794 0.4538014182128072 nan 0.14635212070142625 0.14635212070142625 0.14634954522155086 0.2800255960856073 0.24346469653817862 0.2493246172529479 nan 0.12433518532072195 0.12433518532072195 0.33163951419199733 0.33164774200701097 0.3316523131917613 0.3316532274438328 0.3316532274438328 0.2490355849952232 0.2490355849952232 0.33163919952954224 0.33164631731731165 0.3316497215846848 0.3316497215846848 0.3316497215846848 0.16261423615697382 0.13350529436204178 0.16526973825058702 0.14635079615759733 0.12433522815245837 0.2490355849952232
51492407.0 56.0 0.3046 156.62780124019417 0.3300365305224226 nan nan nan nan nan 156.62780124019417 0.15230447503108874 0.1522994364175294 0.15229891294432926 0.15229825860788943 0.15229838947472757 0.15229878207659148 nan nan nan nan nan nan nan 0.7212171599555657 0.7212171599555657 0.11147870258732101 0.11655553237269822 nan nan 0.15995735751703874 0.13263723048987028 0.13263723048987028 0.24765031911016225 0.20844675023566128 nan 0.12902322355922538 0.2807863193919508 0.12761488545713345 0.12761488545713345 nan nan nan nan nan 2.882783097004647 2.882783097004647 1.5242728817620752 0.1522999598943281 0.15229982902479108 0.2489209056827854 0.14900571009002345 0.9104978600158028 0.6279921793597281 nan nan nan nan nan nan 0.1436777484552112 0.11151415453708746 0.19013442967618907 2.8827362095959495 0.1530989800728394
111961956.0 2.0 4.7874 142.09925607842283 142.09925607842283 nan nan nan nan nan 142.09925607842283 nan nan nan nan nan nan nan nan nan nan nan nan nan nan nan nan nan nan nan nan nan nan nan nan nan nan nan nan nan nan nan nan nan nan nan nan nan nan nan nan nan nan nan nan nan nan nan nan nan nan nan nan nan nan
47123160.0 11.0 1.7568 156.48389573204045 156.4162832739377 nan nan nan nan nan 156.48389573204045 0.5354546211092115 0.22477869419244145 1.1434039202701731 2.5067516333989484 0.5638758349441327 nan nan nan nan nan nan nan nan nan nan nan nan nan nan nan 1.6721406042435984 0.1438445005868383 0.33064543467909063 nan nan nan nan 0.196116346757445 0.196116346757445 0.41940713874949065 nan nan nan nan nan nan nan nan nan nan nan nan nan nan nan nan nan nan nan nan 0.13807373012651689 0.13089184443887716 nan nan
10366036.0 4.0 2.4394 162.75019784056977 162.6119755166309 nan nan nan nan nan 162.75019784056977 0.18832722009108283 nan nan nan nan nan nan nan nan nan nan nan nan nan nan nan nan nan nan nan 0.15551592024464891 0.1242912382196754 nan nan nan nan nan nan nan nan nan nan nan nan nan nan nan nan nan nan nan nan nan nan nan nan nan nan nan nan 0.13841008184737866 nan nan nan
47767011.0 14.0 0.4967 156.90185319359483 0.10447406115426904 nan nan nan nan nan 156.90185319359483 0.12092098709181619 0.12065324131997968 1.1299852135817452 0.14402299328008075 0.19096415081221 nan nan nan nan nan nan nan nan 0.9939548511760957 0.10881778799596391 nan nan nan nan nan nan nan nan nan nan nan nan 0.512633458736877 nan nan nan nan nan nan nan nan nan nan nan nan nan nan nan nan nan nan nan nan nan 0.12728492095659977 nan 0.10000210215107377 nan nan
247906.0 5.0 0.2912 161.81912328895223 161.69171966431784 nan nan nan nan nan 161.81912328895223 1.3335667342912008 nan nan nan nan nan nan nan nan nan nan nan nan 0.9303253878496316 nan nan nan nan nan nan nan nan nan nan nan nan nan nan nan nan nan nan nan nan nan nan nan nan nan nan nan nan nan nan nan nan nan nan nan 0.10005838599722522 nan nan nan nan
71996356.0 3.0 4.1863 165.50538777768847 165.50538777768847 nan nan nan nan nan 165.50538777768847 165.50538777768847 nan nan nan nan nan nan nan nan nan nan nan nan nan nan nan nan nan nan nan nan nan nan nan nan nan nan nan nan nan nan nan nan nan nan nan nan nan nan nan nan nan nan nan nan nan nan nan nan nan nan nan nan nan
28616032.0 63.0 0.3046 156.51222938792574 156.44430930601663 nan nan nan nan nan 156.51222938792574 0.15230079342387676 0.1523013081615316 0.1523004717146093 0.15230021434817392 0.1523003430312829 0.15229976395900502 nan nan nan nan nan nan nan 0.5131038413793338 0.13539800590110668 nan nan nan nan 0.20287965601826816 0.17965735093356414 0.17965735093356414 0.15230025671168554 0.15230084231408753 0.15230038684516348 0.2691727617344572 0.14174653637302587 1.5052238000690896 1.5052238000690896 0.13355890613114907 0.5092861856717222 0.7724188398479144 0.24931448725314598 nan 0.8450726852985191 0.8450726852985191 0.4049897463346493 0.10808933702904684 nan nan nan 0.11009632794459141 nan nan nan nan nan nan nan 0.10727590994026202 0.17965735093356414 1.505281158649734 0.12795279768162662 138.2077363666992
61101.0 130.0 0.2558 159.8084347307519 159.7040049768149 nan nan nan nan nan 159.8084347307519 0.10629909205934006 14.720518174112852 0.12802118480249264 0.12801957534980002 0.3567534306219328 0.16397474265198198 nan nan nan nan nan nan nan 0.1339121964277948 0.1339121964277948 0.12628435871765517 0.13391425107329796 0.10442205121933636 0.2741726148555077 0.17729076453872208 0.9343680283737976 0.9343680283737976 0.4994476747852262 0.49944563332862374 0.1247460855260347 1.3501865645532416 0.11083701805459949 0.11345605368567947 0.11345605368567947 0.11432961927435364 0.1134539994790803 0.11345394680809433 0.151673073763131 0.27515173642066426 0.15003503665991105 0.15003503665991105 1.5319098355857101 nan nan nan nan nan nan nan nan nan nan nan nan 0.13391175615481832 0.9343680283737976 0.11345584299439967 0.12490928761268812 nan
206766.0 145.0 0.2965 159.8084347307519 0.14824977881402696 0.29650076339292025 0.29650076339292025 0.2965004036768382 0.29650076339292025 0.29650076339292025 159.8084347307519 0.14824950902932335 0.29649932453382905 0.2965004036768382 0.296500043961629 0.296500043961629 0.296500043961629 nan nan nan nan nan nan nan 0.14824941873228056 0.14824941873228056 0.29649879372949856 0.296500241517736 0.14824851387430651 0.14824797096482406 1.2849884109509861 0.14824996406650714 0.14824996406650714 0.29650186908890147 0.2965011496138266 0.29650078987759854 0.29650078987759854 0.29650043014224337 0.1482497512606164 0.1482497512606164 0.29650049316621147 0.29650012971491846 0.29650012971491846 0.29650122007147056 0.29650122007147056 0.1482484049126518 0.1482484049126518 0.2964971320204269 0.296500009864274 0.296499650130738 0.2965003695986829 0.2965010890701195 nan nan nan nan nan nan nan nan 0.14824987116540977 0.14824996406650714 0.1482497512606164 0.14824849484425823 nan
254469.0 8.0 0.3383 156.7136172298273 156.64350759305947 nan nan nan nan nan 156.7136172298273 0.1262978113499596 0.18299012065088016 0.29964140435969217 nan nan 0.16906696107857136 nan nan nan nan nan nan nan nan nan nan nan nan nan nan 0.1211841409897829 0.2546647149032344 nan nan nan nan nan 0.1754718334068882 nan nan nan nan nan nan nan nan nan nan nan nan nan nan nan nan nan nan nan nan nan nan 0.15801907877293192 0.10005864586460429 nan nan
106287350.0 66.0 1.3035 156.48309518523573 0.13010482504844664 0.10770505949489717 nan nan nan nan 156.48309518523573 0.6517683006271179 1.3034786199814687 1.3035302427652125 1.3035161634186827 1.3035161634186827 1.3035114703707593 nan nan nan nan nan nan nan 0.9053057797155644 0.9053057797155644 0.24905850687068606 0.13117519841020023 nan nan nan 0.3226719714381239 0.3226719714381239 0.7218082431699016 0.19887778299509837 0.26978127002005164 nan nan 0.16912885592802632 0.16912885592802632 0.13324240303769733 nan nan nan 0.4419927573362061 0.4050329593368771 0.4050329593368771 0.18496101690455502 0.1152451002865254 0.18694200061829816 0.40116162873575256 1.941910734326778 0.8361447569399533 0.8361447569399533 0.21119367552491328 nan nan nan nan nan 0.18079488935490823 0.1405779088235097 0.10012788734243872 0.4050329593368771 0.1028606630443913
32325962.0 2.0 4.242 167.9911555479325 167.9911555479325 nan nan nan nan nan 167.9911555479325 nan nan nan nan nan nan nan nan nan nan nan nan nan nan nan nan nan nan nan nan nan nan nan nan nan nan nan nan nan nan nan nan nan nan nan nan nan nan nan nan nan nan nan nan nan nan nan nan nan nan nan nan nan nan
273320.0 153.0 0.7657 159.38243949264768 0.3828525366155758 nan nan nan nan nan 159.38243949264768 0.38285196137905786 0.3828594395886234 0.3828554128240945 0.3828554128240945 0.38285541282409447 0.7657007804503807 nan nan nan nan nan nan nan 0.38287497296011636 0.38287497296011636 0.38286413230208755 0.3829237635192085 0.3829195465602653 1.2429681895820894 1.2429745370969199 0.38285474118264834 0.38285474118264834 0.3828641485248139 0.38285709297484927 0.38285650502409035 0.38285650502409035 0.3828576809274141 0.3828376915532314 0.3828376915532314 0.3828306369783403 0.3828459222192163 0.38284944975583446 0.38291824971516536 0.3829176615765557 0.1933708871483845 0.1933708871483845 0.19336796833018763 0.19336489598517304 0.6488827548358217 0.37700178495073944 0.2112226734055937 0.21878611283246616 3.336167115405341 0.38283041776940385 nan nan nan nan nan 0.38287196160464065 0.38285238941934013 0.38283416423328676 0.1933691972955306 0.1102575818764906
33627375.0 35.0 0.2926 156.49336781840736 156.42565253186578 nan nan nan nan nan 156.49336781840736 0.11148066875323559 0.24442392718800715 0.24442574507197215 0.24442574507197215 0.19631105152439102 0.19631190435775198 nan nan nan nan nan nan nan 0.24377819851807278 0.4219226781410074 0.4811303525995688 nan nan nan nan 0.5076142317143206 0.5076142317143206 0.5076386027953942 0.5075877129024721 0.21329966486573199 0.19994606308975804 0.7818559885854429 1.3838791566689312 1.3838791566689312 0.11320950049818111 nan nan nan nan nan nan nan nan nan nan nan nan nan nan nan nan nan nan nan 0.11806476418375211 0.5076127981941896 0.13080862009151528 nan nan
200949.0 249.0 0.4192 142.0061256762873 0.20960006660786956 0.4192000029226305 nan nan nan nan 159.34358608495026 0.2096009253096463 0.4191993159655763 0.4192006898819363 0.4192000029226305 0.41919862901077354 0.41919794205822225 1.2747058334289767 1.2747058334289767 1.5003224923072767 0.12976429756497557 nan nan 2.5767436390240395 0.20960112119816635 0.20960112119816635 0.4192001149606661 0.4192015247118557 0.4192015247118557 0.4192008198350757 0.4192001149606661 0.20960076875856956 0.20960076875856956 0.4192001149606661 0.4192015247118557 0.4192015247118557 0.4192008198350757 0.4192001149606661 0.20960147363894835 0.20960147363894835 0.4192001149606661 0.4192008198350757 0.4192015247118557 0.4192008198350757 0.4192001149606661 0.2096004591903122 0.2096004591903122 0.41919737620461556 0.41920019565532024 0.4192009005239224 0.4192009005239224 0.419201605394895 0.14713181527787877 0.14713181527787877 0.396610407917001 0.12262416949709408 0.21852134332973447 0.2273412093498172 0.4107582759057197 0.11580263872975538 0.20960076875856956 0.20960059253921565 0.20960112119816635 0.20960010675598112 0.14713163092997467
7512735.0 41.0 6.0522 156.4842535665917 0.1097225091577458 nan nan nan nan nan 156.4842535665917 0.6011206791573935 3.0258164696762426 3.0257405955649648 6.052073237740321 6.05237680118719 6.051769704743024 nan nan nan nan nan nan nan 0.11031142203038642 0.11031142203038642 0.12787455339531179 nan nan nan nan 0.24559646774514168 0.24559646774514168 3.0250354075011967 3.0247261302297854 6.051628930133305 6.048226693398736 0.4985761204062397 0.7432640339530245 0.7432640339530245 1.9733666757692039 13.021677899891198 0.10824570606153923 nan nan 0.1514758958167241 0.6858618903535144 nan nan nan nan nan nan nan nan nan nan nan nan nan 0.1578801246896954 0.24559629784483186 0.14125203789361604 0.28990174980855404 nan
78627577.0 12.0 0.4385 158.05518193433917 0.11099046068879606 nan nan nan nan nan 158.05518193433917 0.11704222803233523 0.13709483422274235 0.2450516973549355 0.1616405048473717 0.161586283381297 nan nan nan nan nan nan nan nan 0.13344856709700917 0.12594007802379634 nan nan nan nan nan 0.4573238610270635 0.4573238610270635 0.49978466181654446 nan nan nan nan 0.1110997454171927 nan nan nan nan nan nan nan nan nan nan nan nan nan nan nan nan nan nan nan nan nan 0.13329551611959634 0.12486017561012991 0.1001576211297106 nan nan
123024210.0 3.0 0.5724 158.03361550366395 157.94902205617203 nan nan nan nan nan 158.03361550366395 0.1464043456950321 nan nan nan nan nan nan nan nan nan nan nan nan nan nan nan nan nan nan nan nan nan nan nan nan nan nan nan nan nan nan nan nan nan nan nan nan nan nan nan nan 0.37499065414500715 nan nan nan nan nan nan nan nan nan nan nan 0.10007846372494289
80968556.0 13.0 1.4433 158.9146211078022 0.10956173185223893 nan nan nan nan nan 158.9146211078022 0.28426259802842935 0.2804961486724092 0.16136452420683634 0.2714692034589924 0.2022681319244432 nan nan nan nan nan nan nan nan nan nan nan nan nan nan nan 0.12121643991862152 0.12121643991862152 0.16956957152057558 nan nan nan nan 0.1993969793085378 0.1888714045901817 nan nan nan nan nan nan nan nan nan nan nan nan nan nan nan nan nan nan nan nan nan 0.170066187418724 0.14445597317464595 nan nan
106513022.0 2.0 1.0976 165.14489117386032 0.10019308250881638 nan nan nan nan nan 165.14489117386032 nan nan nan nan nan nan nan nan nan nan nan nan nan nan nan nan nan nan nan nan 0.1252171450954841 nan nan nan nan nan nan nan nan nan nan nan nan nan nan nan nan nan nan nan nan nan nan nan nan nan nan nan nan nan 0.10019308250881638 nan nan nan
38550607.0 7.0 0.8267 156.8064911539816 156.73536996003833 nan nan nan nan nan 156.8064911539816 0.2594922425961656 0.5563976936096009 0.11853990720234533 nan nan 0.20668046607165225 nan nan nan nan nan nan nan nan nan nan nan nan nan nan nan nan nan nan nan nan nan 0.11787271269236256 0.11713643955220371 nan nan nan nan nan nan nan nan nan nan nan nan nan nan nan nan nan nan nan nan nan nan 0.14611908226989043 nan nan
123275660.0 2.0 0.2558 89.83631868491271 0.12325465257130849 nan nan nan nan nan 89.83631868491271 nan nan nan nan nan nan nan nan nan nan nan nan nan nan nan nan nan nan nan nan 0.6640015771509609 nan nan nan nan nan nan nan nan nan nan nan nan nan nan nan nan nan nan nan nan nan nan nan nan nan nan nan nan nan 0.12325465257130849 nan nan nan
48447688.0 27.0 0.5019 156.51325113706892 0.10215661375104564 nan nan nan nan nan 156.51325113706892 0.13587617531884882 0.3099959069887879 0.14406314900297468 3.8593274975806424 0.13587489482352919 0.1268829976377644 nan nan nan nan nan nan nan 0.13020241450531633 0.5088200040982105 0.41913662371176325 nan nan nan 0.1298692695955381 0.12957499797014208 0.12957499797014208 0.12483450451129248 0.700132044963306 0.13559593370941297 nan nan 0.44007574869893534 nan nan nan nan nan nan nan nan nan nan nan nan nan nan nan nan nan nan nan nan nan 0.1102553606597863 0.1295749979701421 0.10010838201707935 nan nan
332245.0 121.0 1.4433 159.80899275377013 159.70455669781057 nan nan nan nan nan 159.80899275377013 0.41867685655883696 0.5897600398194658 1.6131292310372642 3.227638848622865 3.2271700013399536 4.3301459149051755 nan nan nan nan nan nan nan 0.7215704612384908 0.7215704612384908 1.4431516520828267 1.4432702050898778 0.23810758777603044 0.4186962836379263 2.512020056536599 0.418676139278202 0.418676139278202 0.7215909268240351 1.4432576707602283 1.4432747180292431 1.4432491472767357 3.6082120787797716 1.613398575741037 1.613398575741037 3.2263629259559647 3.2267687336073654 3.2266785453074576 0.11913630532173508 0.15678599165808704 0.17919699276993756 0.17919699276993756 1.3689515843019668 0.26497882126318417 0.11499507675481231 0.4992744494112732 0.1643763172638722 nan nan nan nan nan nan nan nan 0.7215613427763232 0.418676139278202 1.613387301768647 0.17919713184790678 nan
67114897.0 7.0 2.4394 160.20941321510975 160.1004444422275 nan nan nan nan nan 160.20941321510975 1.8880597685151397 0.5486823368829972 nan nan nan 0.18644355891208508 nan nan nan nan nan nan nan nan nan nan nan nan nan nan nan nan nan nan nan nan nan 0.20679407370641742 0.186447989362051 nan nan nan nan nan 111.24782277284291 nan nan nan nan nan nan nan nan nan nan nan nan nan nan nan nan 0.13298457138424358 137.81276040316314 nan
66904.0 224.0 24.9223 159.60230865106124 0.15864161907703284 0.18827228087814613 0.22891181956029008 nan nan nan 159.60230865106124 0.15864222474193726 0.22890803646747887 0.65182177272076 1.635100221686527 1.6362269584210498 1.6361732690798891 nan nan nan nan nan nan nan 0.15864170807255357 0.15864170807255357 0.1882731306648997 0.11039934018187994 0.2632981577277857 0.47571199293946126 0.1744645243346611 0.15864211187047453 0.15864211187047453 0.18827227757618184 0.22891190865289 0.26329787965184853 0.4757129006706482 0.1744645243346611 0.15864180902184108 0.15864180902184108 0.18827241975709796 0.16439018640843744 0.316745254313815 0.3716101361022852 0.3716101361022852 0.15864183111741925 0.15864183111741925 0.1861715064999151 0.11937085832114662 0.14524959805975876 4.147860132594718 0.1452494281340032 0.24022656296861905 0.24022656296861905 0.14117976027792226 0.12359819695230372 nan nan nan nan 0.15864130427668818 0.15864180902184108 0.15864150617436393 0.1586416284123021 0.14138765630541977
68475316.0 23.0 24.9223 156.51284579231088 156.44491901680775 nan nan nan nan nan 156.51284579231088 0.2433214975583375 0.17648583137093984 0.3433044557054119 1.5241833463630512 0.15621701650766573 0.21192935876881927 nan nan nan nan nan nan nan nan nan nan nan nan nan nan 0.964638570741417 0.964638570741417 0.10265444555316533 0.8667292895856163 0.37568477792033517 0.33239375293302487 nan 0.78608003519131 0.12259765309545759 nan nan nan nan nan nan nan nan nan nan nan nan nan nan nan nan nan nan nan nan nan 0.49031203085669317 0.19596074483796386 nan nan
7805020.0 25.0 6.0522 156.46548658605494 0.10162431561573279 nan nan nan nan nan 156.46548658605494 0.1212983369725078 1.5130489815369834 6.04932063688362 6.049824730041172 4.558889794062352 0.20460918006163137 nan nan nan nan nan nan nan 0.10004354052674062 0.12102291071060298 nan nan nan nan nan 0.10628383592355964 0.10628383592355964 0.21967371692125157 0.20646110176500243 nan nan nan 0.25761883594747137 0.12925060148612383 0.10332809627510078 nan nan nan nan 0.42830098054988536 0.42830098054988536 0.18549476692112069 nan nan nan nan nan nan nan nan nan nan nan nan 0.13155944525467841 0.10400116202921976 0.12724036973093472 0.13474340896474424 nan
124702871.0 5.0 0.8267 157.0626789211993 157.0626789211993 nan nan nan nan nan 157.0626789211993 157.0626789211993 nan nan nan nan nan nan nan nan nan nan nan nan nan nan nan nan nan nan nan nan nan nan nan nan nan nan nan nan nan nan nan nan nan nan nan nan nan nan nan nan nan nan nan nan nan nan nan nan nan nan nan nan nan
53484764.0 4.0 0.3519 157.15284160143545 87.41493302597637 nan nan nan nan nan 157.15284160143545 0.11567183990478287 nan nan nan nan nan nan nan nan nan nan nan nan nan nan nan nan nan nan nan 0.1605448342970773 nan nan nan nan nan nan nan nan nan nan nan nan nan nan nan nan nan nan nan nan nan nan nan nan nan nan nan nan nan 0.10006713169190302 nan nan nan
80057609.0 84.0 0.2635 156.52138376227612 0.24679577690568819 0.24679780708821883 nan nan nan nan 156.52138376227612 0.19824746003346183 0.11057050671568117 0.13328228763234096 0.1095985633180721 0.18254373449850356 0.18254364194167566 nan nan nan nan nan nan nan 0.3333943539280956 0.3333943539280956 0.3962002274200302 nan nan nan nan 0.2467960131413505 0.2467960131413505 0.3290230263171644 0.1652170208796665 0.44662989490103777 0.8931802756766982 0.5011840246000104 0.12354792757975319 0.12354792757975319 0.140963214957536 0.10637397621655101 0.10637567346842068 0.1904268810196437 0.10520097797171782 0.6345683002983411 0.6345683002983411 0.5231961529700659 0.3734083391665166 0.5372000713426277 0.4792992908695385 0.19498399403429967 nan nan nan nan nan nan nan nan 0.17045485834524216 0.3279371797959225 0.12354792757975319 0.6345717171175894 nan
73402968.0 12.0 0.3714 156.78735283887823 0.15021203204427483 nan nan nan nan nan 156.78735283887823 1.0624889850103798 0.11265289495323848 0.22682433899209659 2.852077709401891 nan 0.1152073908667857 nan nan nan nan nan nan nan 0.2993143212517959 nan nan nan nan nan nan 0.18170206978170564 0.10939732386066905 nan nan nan nan nan 0.3176086221697048 nan nan nan nan nan nan 0.11656016366427353 1.4989500257870907 nan nan nan nan nan nan nan nan nan nan nan nan nan 0.10064048506198513 0.13581986587243147 0.10000277177334484 0.1351159579101811 nan
32229396.0 55.0 0.4192 144.26096583959483 0.2095987541870358 0.41919941798987603 nan nan nan nan 156.48471142817985 0.20959972513705563 0.41919796156338396 0.41919747609013547 0.8384035616412979 0.8384016197151682 0.20959450638646612 nan nan nan nan nan nan nan 0.1323666312240938 0.1323666312240938 44.61260616577823 0.9972891669157019 nan nan 0.9972547227228424 0.20959915261813253 0.20959915261813253 0.20959928795182306 0.2095994232856883 0.20728228897622544 0.21793092466746056 nan 0.2096026374558414 0.2096026374558414 0.20960303315112763 0.16529211641005792 6.795488377317735 0.9969713407030178 0.249494440696673 0.1651192027169919 0.1651192027169919 0.3668349670836534 nan nan nan nan nan nan nan nan nan nan nan nan 0.10392792890532503 0.20959888195127585 0.20960276935410416 0.114031004805791 nan
95317623.0 56.0 0.3231 159.78951881904476 159.685302667339 nan nan nan nan nan 159.78951881904476 0.13872204677680242 0.14969275051012904 2.2808003718697742 0.11220706990050641 0.14095876070880137 0.14095835494369488 nan nan nan nan nan nan nan 0.9617534624860519 0.9617534624860519 0.2167768297847826 0.10188561874405072 nan nan 0.21827427619321974 0.19680074021884408 0.19680074021884408 0.3936024759872935 0.6511668528636655 0.13833423942364498 0.2941809117081459 0.11429950841526068 0.2909071611528338 0.2909071611528338 0.26209188206787226 0.10430078890314436 0.19869554825798852 nan nan nan nan nan nan nan nan nan nan nan nan nan nan nan nan nan 0.10160227872228561 0.19680074021884408 0.10748827984004147 nan nan
58144494.0 3.0 0.8739 156.59795991079557 156.5291083919927 nan nan nan nan nan 156.59795991079557 0.36380969387243717 nan nan nan nan nan nan nan nan nan nan nan nan nan nan nan nan nan nan nan 0.1036092447825365 nan nan nan nan nan nan nan nan nan nan nan nan nan nan nan nan nan nan nan nan nan nan nan nan nan nan nan nan nan 0.10008072954455834 nan nan nan
48407508.0 55.0 2.4461 156.5411312145107 0.10004600788499768 nan nan nan nan nan 156.5411312145107 1.223065212355148 2.4460455746903356 2.4460622419876525 1.2231360569038825 4.892151774234967 4.892085104756167 nan nan nan nan nan nan nan 0.1266153781670235 0.534614439983328 nan nan nan nan nan 0.22428054759934388 0.22428054759934388 0.15246509852681964 0.5499925878276143 0.4994083759613107 nan nan 0.16424310510647896 0.16424310510647896 0.14038175133811417 nan nan nan nan 1.2230985499440026 1.2230985499440026 2.4460455746903356 1.2230860481352086 0.24206260994217907 0.24206391575487626 0.15934760588521424 nan nan nan nan nan nan nan nan 0.10407433781335074 0.35455079789870064 0.12258579589155222 1.2230860481352086 nan
64603541.0 23.0 6.0522 156.45565196633422 156.3883460507546 nan nan nan nan nan 156.45565196633422 1.9829092501772196 1.493473995057163 0.1646261343829312 0.12361984878751825 0.12682178536225974 0.5391066968112402 nan nan nan nan nan nan nan nan nan nan nan nan nan nan nan nan nan nan nan nan nan 0.20716121951082458 0.20716121951082458 0.3758854460882752 nan nan nan nan nan nan nan nan nan nan nan nan nan nan nan nan nan nan nan nan nan 0.14570386281658385 nan nan
47998087.0 8.0 0.3231 161.22608843164045 161.1055161135927 nan nan nan nan nan 161.22608843164045 0.17090096981126873 0.21419732700476712 nan nan nan 0.12667556035292357 nan nan nan nan nan nan nan nan nan nan nan nan nan nan 0.19328897522843458 nan nan nan nan nan nan 0.11430956592767756 nan nan nan nan nan nan nan nan nan nan nan nan nan nan nan nan nan nan nan nan nan nan 0.1001378634583905 0.09999489652148288 nan nan
112629.0 6.0 0.3239 157.07259706550096 156.9985712232262 nan nan nan nan nan 157.07259706550096 0.4156209155758986 0.1429119252416577 nan nan nan 0.10160958628796496 nan nan nan nan nan nan nan 0.11207217195053462 nan nan nan nan nan nan 0.21641443526499157 0.5258652649023933 nan nan nan nan nan nan nan nan nan nan nan nan nan nan nan nan nan nan nan nan nan nan nan nan nan nan nan 0.10014637896343732 0.1438785659531579 nan nan nan
103817167.0 2.0 0.4147 163.20630239967335 122.9410911637628 nan nan nan nan nan 163.20630239967335 nan nan nan nan nan nan nan nan nan nan nan nan nan nan nan nan nan nan nan nan nan nan nan nan nan nan nan 0.21362516642776685 nan nan nan nan nan nan nan nan nan nan nan nan nan nan nan nan nan nan nan nan nan nan nan 122.9410911637628 nan nan
56539682.0 5.0 1.2892 156.9020945556278 113.84279126083945 nan nan nan nan nan 156.9020945556278 0.10272971640932797 nan nan nan nan nan nan nan nan nan nan nan nan 0.4687075645584691 nan nan nan nan nan nan 0.5188099940177036 nan nan nan nan nan nan nan nan nan nan nan nan nan nan nan nan nan nan nan nan nan nan nan nan nan nan nan nan 0.1000590406286131 0.0999966201321479 nan nan nan
4567028.0 15.0 0.7429 156.4841507902235 156.41653556337837 nan nan nan nan nan 156.4841507902235 0.13030869728245156 0.13808289172291824 0.23342511646720243 0.1566391875179944 0.10290180769913092 nan nan nan nan nan nan nan nan nan nan nan nan nan nan nan 0.9348632300507693 0.9348632300507693 0.21783343698664545 nan nan nan nan nan nan nan nan nan nan nan 0.1533508583609217 nan nan nan nan nan nan nan nan nan nan nan nan nan nan nan 0.13430856310209854 nan 0.10000008769813565 nan
27222589.0 4.0 0.3682 160.18443099244573 160.07574563344784 nan nan nan nan nan 160.18443099244573 0.4771251981189862 nan nan nan nan nan nan nan nan nan nan nan nan nan nan nan nan nan nan nan nan nan nan nan nan nan nan nan nan nan nan nan nan nan nan nan nan nan nan nan nan 0.24080172432887392 nan nan nan nan nan nan nan nan nan nan nan 0.10487920951449557
66812546.0 2.0 0.2558 164.51192993511248 0.10023258836098724 nan nan nan nan nan 164.51192993511248 nan nan nan nan nan nan nan nan nan nan nan nan nan nan nan nan nan nan nan nan nan nan nan nan nan nan nan 4.504543209811526 nan nan nan nan nan nan nan nan nan nan nan nan nan nan nan nan nan nan nan nan nan nan nan 0.10023258836098724 nan nan
13595580.0 2.0 0.3788 83.23088018795686 83.23088018795686 nan nan nan nan nan 83.23088018795686 nan nan nan nan nan nan nan nan nan nan nan nan nan nan nan nan nan nan nan nan nan nan nan nan nan nan nan nan nan nan nan nan nan nan nan nan nan nan nan nan nan nan nan nan nan nan nan nan nan nan nan nan nan nan
104523.0 30.0 11.7726 159.98281846022792 0.1280077573123297 nan nan nan nan nan 159.98281846022792 0.12800864346287122 5.377480249183219 5.377119389528874 0.11290617594305208 1.3838934562748262 1.796594980460432 nan nan nan nan nan nan nan nan nan nan nan nan nan nan 0.1846307016468458 0.1846307016468458 5.377480249183219 0.12251999911020478 0.17955324819773166 0.11022379552601984 0.21345033403841032 nan nan nan nan nan nan nan 0.11770711685012367 nan nan nan nan nan nan nan nan nan nan nan nan nan nan nan 0.1846304180341032 nan 0.10006240073745527 nan
7930361.0 17.0 0.6869 156.47452203639546 156.40701132696327 nan nan nan nan nan 156.47452203639546 0.11059614485546522 0.325003226280431 0.43414061747647464 0.28825610426858517 0.2554707485959965 0.2554640875016947 nan nan nan nan nan nan nan 0.14447890642145073 0.14447890642145073 1.2819570417183876 nan nan nan nan 0.11444346924701511 0.11444346924701511 0.2771465459374662 nan nan nan nan 1.5237427142968196 nan nan nan nan nan nan 0.4199125417435593 3.000014578510993 nan nan nan nan nan nan nan nan nan nan nan nan nan 0.1601742817439502 0.21687191314848794 0.10031611886593234 0.2069339031969125 nan
13243840.0 51.0 0.3714 156.44679559875837 156.37958578373394 nan nan nan nan nan 156.44679559875837 0.1857002012937675 0.18569802241303363 0.193029224354029 0.5535460043949065 1.0904210169886457 0.6108116514581159 nan nan nan nan nan nan nan 0.26141196047884036 0.5488701194885792 nan nan nan nan nan 0.12097688677221027 0.12097688677221027 0.18569928109414527 0.1205954636602979 0.1192597458847096 nan nan 0.18628049763214893 4.9573915740474686 0.12395317261271793 nan nan nan nan 0.5412722078759983 0.5412722078759983 0.3713905656358103 0.3713801578524915 0.19037538462060574 0.36253732717324644 nan nan nan nan nan nan nan nan nan 0.13041646095602802 0.12097533391272386 0.1923896114777751 0.5412722078759983 nan
83370784.0 3.0 1.3694 159.57792632786774 159.57792632786774 nan nan nan nan nan 159.57792632786774 159.57792632786774 nan nan nan nan nan nan nan nan nan nan nan nan nan nan nan nan nan nan nan nan nan nan nan nan nan nan nan nan nan nan nan nan nan nan nan nan nan nan nan nan nan nan nan nan nan nan nan nan nan nan nan nan nan
89298.0 3.0 0.2912 164.36874281163736 164.2114420131697 nan nan nan nan nan 164.36874281163736 0.4987456032594848 nan nan nan nan nan nan nan nan nan nan nan nan nan nan nan nan nan nan nan nan nan nan nan nan nan nan nan nan nan nan nan nan nan nan nan nan nan nan nan nan nan nan nan nan nan nan nan nan nan nan nan nan nan
11087186.0 11.0 6.0435 156.53100937765865 156.46288533956476 nan nan nan nan nan 156.53100937765865 0.21030208082501126 0.14446282800436752 0.18408136250091656 0.11747183406685953 0.11146324856911294 0.27977504560095084 nan nan nan nan nan nan nan nan nan nan nan nan nan nan 0.2977378574434735 0.1884177539587653 nan nan nan nan nan nan nan nan nan nan nan nan 2.0911772384561074 0.14722784779686254 nan nan nan nan nan nan nan nan nan nan nan nan nan nan 0.12675068137581513 nan 0.13365741554142022 nan
102748747.0 82.0 9.5803 156.54798230473267 0.16238983876409596 nan nan nan nan nan 156.54798230473267 0.7039845104809699 0.7040204432334182 0.10770191360748099 0.10770256052394983 0.1264214062626211 2.39442500590664 nan nan nan nan nan nan nan 0.17141964026087922 0.17141964026087922 nan nan nan nan 0.34901620642954906 0.46560897802962237 0.46560897802962237 0.8714267593544449 0.21756524438313316 0.14123416153250234 0.17709668176677373 0.15010397794900546 0.13571655288270146 0.13571655288270146 0.10034144458272054 0.17346507172967193 0.10878347992029609 0.10587722746886431 nan 36.30558751366546 36.30558751366546 0.2896725694384544 72.55061334274869 0.5793606587088231 0.4597249280521107 0.1681824725390007 0.17283102229329037 0.17283102229329037 nan nan nan nan nan nan 0.13422841826017445 0.8713270728871917 0.13571655288270146 36.320442251173404 0.13050539788941368
62590415.0 2.0 0.2956 179.3597423128043 0.11087222419523605 nan nan nan nan nan 179.3597423128043 nan nan nan nan nan nan nan nan nan nan nan nan nan 2.0250993388854974 nan nan nan nan nan nan nan nan nan nan nan nan nan nan nan nan nan nan nan nan nan nan nan nan nan nan nan nan nan nan nan nan nan nan nan 0.11087222419523605 nan nan nan nan
114196389.0 5.0 0.5263 163.2251263293455 163.0813415730613 nan nan nan nan nan 163.2251263293455 0.11378414754220216 nan nan nan nan nan nan nan nan nan nan nan nan nan nan nan nan nan nan nan 0.17112745934870296 nan nan nan nan nan nan nan nan nan nan nan nan nan nan nan nan nan nan nan nan nan nan nan nan nan nan nan nan nan 0.100177221421186 nan nan nan
33173185.0 21.0 2.9929 159.39993332313958 159.39993332313958 nan nan nan nan nan 159.39993332313958 1.496327857216807 1.4965215341016451 0.19019164442716988 0.10032097249544848 0.4325196447776399 0.9970626478591386 nan nan nan nan nan nan nan 1.0034036506586121 nan nan nan nan nan nan 0.24536784616572838 0.24536784616572838 0.10740604314359138 0.10584585183071263 nan nan nan 0.11135135762994774 0.11135135762994774 nan nan nan nan nan nan nan nan nan nan nan nan nan nan nan nan nan nan nan nan 0.10014281279920721 0.10681788983677672 0.11421199022669587 nan nan
3943958.0 4.0 0.4385 162.89413798103 94.4976178357632 nan nan nan nan nan 162.89413798103 nan nan nan nan nan nan nan nan nan nan nan nan nan nan nan nan nan nan nan nan 0.10689486157941588 nan nan nan nan nan nan nan nan nan nan nan nan nan nan nan nan nan nan nan nan nan nan nan nan nan nan nan nan nan 94.4976178357632 nan nan nan
114688142.0 3.0 18.5944 163.9271498644887 163.77508851769832 nan nan nan nan nan 163.9271498644887 0.2262141517750483 nan nan nan nan nan nan nan nan nan nan nan nan nan nan nan nan nan nan nan nan nan nan nan nan nan nan 0.10355438627333147 nan nan nan nan nan nan nan nan nan nan nan nan nan nan nan nan nan nan nan nan nan nan nan 0.15392298917735575 nan nan
101898318.0 6.0 0.6492 157.10741820190856 157.0330115829202 nan nan nan nan nan 157.10741820190856 1.9758638899237564 0.10180192551997447 nan nan nan 0.3337401374419027 nan nan nan nan nan nan nan nan nan nan nan nan nan nan 0.11706736308197971 0.26578586529555276 nan nan nan nan nan nan nan nan nan nan nan nan nan nan nan nan nan nan nan nan nan nan nan nan nan nan nan nan 0.16679682506495294 nan nan nan
30506386.0 2.0 0.9438 164.66143329520276 164.66143329520276 nan nan nan nan nan 164.66143329520276 nan nan nan nan nan nan nan nan nan nan nan nan nan nan nan nan nan nan nan nan nan nan nan nan nan nan nan nan nan nan nan nan nan nan nan nan nan nan nan nan nan nan nan nan nan nan nan nan nan nan nan nan nan nan
113914289.0 15.0 10.4436 156.5125045876977 0.13321329556204406 nan nan nan nan nan 156.5125045876977 1.740566583612248 0.11217259187633276 5.2204514752728235 nan nan 0.11217960811692201 nan nan nan nan nan nan nan nan nan nan nan nan nan nan 0.13031446874018604 0.5957344953852488 nan nan nan nan nan nan nan nan nan nan nan nan 0.16800147085896097 nan nan nan nan nan nan nan nan nan nan nan nan nan nan nan 0.1818490466398909 nan 0.24531331019047556 nan
101244973.0 97.0 13.894 156.49483076419475 0.10315831675177883 0.10548885603671815 nan nan nan nan 156.49483076419475 0.1552085861508208 0.13533955096124084 0.3507866483107644 0.3507883506056911 0.35078937199057764 0.35079107431193945 nan nan nan nan nan nan nan nan nan nan nan nan nan nan 0.2993090975005952 0.2993090975005952 0.1868304737782845 0.17911497685654462 0.3989131248357162 nan nan 0.1143513595511262 0.1143513595511262 0.11486127206806541 0.3274331183031565 0.14639566350351552 nan nan 0.12513941451037422 0.12513941451037422 0.12513872127231537 0.1251390678903847 0.12513937118277052 0.2007530930091562 0.1228704359070602 0.11564449988740891 0.11564449988740891 0.18495765068457903 1.6773485813930893 0.114312987703391 0.9975383169358563 nan nan nan 0.10316199037485674 0.11435161452347921 0.12513937118277052 0.11564442465587035
122845088.0 3.0 0.2535 162.96984712297095 162.82905592546888 nan nan nan nan nan 162.96984712297095 0.1551858095610221 nan nan nan nan nan nan nan nan nan nan nan nan nan nan nan nan nan nan nan nan nan nan nan nan nan nan nan nan nan nan nan nan nan nan nan nan nan nan nan nan nan nan nan nan nan nan nan nan nan nan nan nan nan
121677504.0 5.0 24.9223 156.49337437723128 156.4256590194834 nan nan nan nan nan 156.49337437723128 0.27012204743614293 nan nan nan nan 0.1476442895898383 nan nan nan nan nan nan nan nan nan nan nan nan nan nan 0.23226855041005529 nan nan nan nan nan nan nan nan nan nan nan nan nan nan nan nan nan nan nan nan nan nan nan nan nan nan nan nan nan 0.10008517465201437 nan nan nan
2776284.0 11.0 0.5754 156.4374256477338 156.37031749490805 nan nan nan nan nan 156.4374256477338 0.13723119698405326 2.950847843397284 0.2568242137695834 0.9973309447787432 0.10598972398638089 0.14384316809908465 nan nan nan nan nan nan nan nan nan nan nan nan nan nan 1.0195034772274945 nan nan nan nan nan nan nan nan nan nan nan nan nan nan nan nan nan nan nan nan 0.12262167419046092 0.12262167419046092 nan nan nan nan 0.10598949856332116 nan nan 145.41706785772718 nan nan 0.1371257795636392
100413487.0 3.0 0.3108 24.889294279114548 24.889294279114548 nan nan nan nan nan 24.889294279114548 24.889294279114548 nan nan nan nan 24.889294279114548 nan nan nan nan nan nan nan nan nan nan nan nan nan nan nan nan nan nan nan nan nan nan nan nan nan nan nan nan nan nan nan nan nan nan nan nan nan nan nan nan nan nan nan nan nan nan nan nan
112776534.0 36.0 2.2271 156.47441118467486 0.15235786440044158 nan nan nan nan nan 156.47441118467486 0.11067612471311701 0.11067734112556195 0.11067717217779008 0.2212800450342379 0.10207518785287607 0.9969944486282477 nan nan nan nan nan nan nan 0.1517551766471525 0.1517551766471525 0.46929053656085123 nan nan nan nan 0.10708652578266599 0.10708652578266599 0.6963573161096629 0.3103145786781045 nan nan nan 0.11930759461523201 0.11930759461523201 0.10985647418246253 0.3764448325261622 0.16289996502347276 nan nan 0.34906679985654127 0.4531058245690692 nan nan nan nan nan nan nan nan nan nan nan nan nan 0.13497048194374334 0.10104390955415597 0.11926445835256325 0.12857645172198218 nan
84669175.0 34.0 0.466 158.64176098348628 158.55041732946006 nan nan nan nan nan 158.64176098348628 0.23299926430642814 0.46599862429761757 0.4659954698756404 0.4659978356881196 0.46599862429761757 0.9320023630274202 nan nan nan nan nan nan nan 1.6301986959283523 0.1962984811902438 nan nan nan nan 0.14620760693212853 0.304015142397308 0.304015142397308 0.9308667852538284 0.19193595838335484 0.4734142200923855 0.15574412234884247 0.24111898473701043 0.10645316168708051 0.10645316168708051 0.37773264666255446 0.12030617673374668 0.11278593851250071 0.30850866903250135 nan nan nan nan nan nan nan nan nan nan nan nan nan nan nan nan 0.1237337265006913 0.30401338786101306 0.10645316168708051 nan nan
115670.0 13.0 11.7726 161.39892698100695 161.27636847780423 nan nan nan nan nan 161.39892698100695 0.11530790287122857 0.10139179191226279 0.14206489117878887 nan nan 0.42437261706217716 nan nan nan nan nan nan nan nan nan nan nan nan nan nan 0.18826700119178547 0.5142344232838005 nan nan nan 0.13658188201092158 0.132616559534636 0.8637293448403073 nan nan nan nan nan nan nan nan nan nan nan nan nan nan nan nan nan nan nan nan nan nan 0.10542103195658227 104.51175955253079 nan nan
67852731.0 26.0 0.2965 156.5777616403359 0.1594034893455432 0.2504679134061325 nan nan nan nan 156.5777616403359 0.11431169277866648 0.22862328228240092 0.34293696430411413 0.228623135897115 0.11431154639334203 0.11431154639334203 nan nan nan nan nan nan nan 0.14905045438008543 0.14905045438008543 0.1052726851098936 nan nan nan nan 0.10483384437099136 0.10483384437099136 0.9130792007008961 0.10332963104051336 nan nan nan 0.11845454618465312 0.11845454618465312 0.10372781100895918 nan nan nan nan nan nan nan nan nan nan nan nan nan nan nan nan nan nan nan 0.12648320333097823 0.10551083786342942 0.10846075486027384 nan nan
115101113.0 37.0 0.8267 156.46535374967533 0.1328428606583692 nan nan nan nan nan 156.46535374967533 0.4992151244950719 0.11800884982414943 0.8553578745670392 0.11800861964689521 0.7680774299425688 0.15784088925316567 nan nan nan nan nan nan nan 0.18870950026045347 0.18870950026045347 0.33271958362312737 nan nan nan nan 0.6523028673055352 0.6523028673055352 0.15673321844034643 0.1836057342132111 0.14251648877177117 nan nan 0.17522633028967924 0.19058900158056477 nan nan nan nan nan 0.35339039564398733 1.3835355497701123 nan nan nan nan nan 0.11750381904593826 nan nan nan nan nan nan nan 0.1016395143175968 0.12526692026895772 0.10029512779676775 0.11907216165380875 0.10006423068847489
159491.0 16.0 0.2558 68.39358098224923 131.93741729371695 nan nan nan nan nan 160.05111101630806 0.4185985722979671 0.1955601327225914 3.3642440263078917 0.14671767951034123 0.12790040791041726 0.6236569374601396 nan nan nan nan nan nan nan nan nan nan nan nan nan nan 6.687403889550935 0.18386928846208664 nan nan nan nan nan nan nan nan nan nan nan nan 0.2926989026645581 nan nan nan nan nan nan nan nan nan nan nan nan nan nan nan 0.2235405306624504 nan 0.10022980507387871 nan
60478784.0 3.0 0.3519 161.87638112415496 161.87638112415496 nan nan nan nan nan 161.87638112415496 161.87638112415496 nan nan nan nan nan nan nan nan nan nan nan nan nan nan nan nan nan nan nan nan nan nan nan nan nan nan nan nan nan nan nan nan nan nan nan nan nan nan nan nan nan nan nan nan nan nan nan nan nan nan nan nan nan
73045012.0 6.0 0.342 162.85227735214528 0.14584825265602433 nan nan nan nan nan 162.85227735214528 0.1715295477779161 nan nan nan nan nan nan nan nan nan nan nan nan nan nan nan nan nan nan nan 0.2973005961684578 nan nan nan nan nan nan nan nan nan nan nan nan nan 0.12588727269230607 nan nan nan nan nan nan nan nan nan nan nan nan nan nan nan 0.10017348166604553 nan 0.10006769574192537 nan
168989.0 141.0 6.0522 159.87278153114113 159.76762480744293 nan nan nan nan nan 159.87278153114113 0.4355888572728049 1.9719000803878435 2.018503495090294 6.051705683186747 6.053364662832457 6.052158041994099 nan nan nan nan nan nan nan 0.4355717716477018 0.4355717716477018 0.12323238268988598 0.10059920836835899 0.13368755170692445 6.053203417881791 6.052449223144046 0.30317796614797393 0.30317796614797393 0.1545138629253503 0.2151078195255401 6.051695216319644 6.053656024952066 6.0521475978686174 0.3031840212434718 0.3031840212434718 0.39841699153564664 0.27596469099460025 0.11488305870038731 6.051393666189888 6.051996796504299 2.017323608638932 2.017323608638932 0.39842091281965797 0.2759653180921303 1.120234941340187 6.05048919608509 6.051695216319644 nan nan nan nan nan nan nan nan 0.4355694283069705 0.30317796614797393 0.30318439969497113 2.01730685363225 nan
115136821.0 7.0 0.2582 160.13985107938717 160.03167125841745 nan nan nan nan nan 160.13985107938717 0.27694806149353035 1.0251528902650788 0.12909754698425657 nan nan 0.46312376599844624 nan nan nan nan nan nan nan nan nan nan nan nan nan nan nan nan nan nan nan nan nan nan nan nan nan nan nan nan nan nan nan nan nan nan nan 0.6457075732175257 0.14411712589313733 nan nan nan nan nan nan nan nan nan nan 0.11562163914839442
6466200.0 19.0 1.5933 160.02553838812054 159.9186536813566 nan nan nan nan nan 160.02553838812054 0.18123265089248156 0.2482660707431148 nan nan nan 0.5271441308184226 nan nan nan nan nan nan nan nan nan nan nan nan nan nan nan nan nan nan nan nan nan nan nan nan nan nan nan nan nan nan nan nan nan nan nan 0.13437187367430561 nan nan nan nan nan nan nan nan nan nan nan 0.10017433412044467
273339.0 23.0 0.2926 156.55977919491687 156.49134261801754 nan nan nan nan nan 156.55977919491687 0.14305110061767295 0.40153152597207303 0.3451325788670247 0.2971724169992996 0.1714522063702233 0.14630069067971715 0.11059937983369378 0.1832370421103856 nan nan nan nan 0.10476567474431751 nan nan nan nan nan nan nan 0.560219766415787 nan nan nan nan nan nan 0.3204612718024715 0.15931019781313788 nan nan nan nan nan 0.20052389678596302 0.24511582894079936 nan nan nan nan 0.2837111471944112 0.25036789811392496 0.19832609346325003 nan nan nan nan nan 0.15884701081602784 nan 0.10016450142234226 0.14245254949254138 0.3785095798326277 0.12579468750849968
